150 5000 1000
107 97 1
16 61 2
38 65 3
127 35 4
1 28 5
94 45 6
19 8 7
55 75 8
144 45 9
5 27 10
114 15 11
98 141 12
43 108 13
79 63 14
72 43 15
119 135 16
81 44 17
138 65 18
2 45 19
59 129 20
3 139 21
2 89 22
116 137 23
37 130 24
93 99 25
132 84 26
134 85 27
15 144 28
104 139 29
42 66 30
8 86 31
21 3 32
37 131 33
128 94 34
68 22 35
24 90 36
7 116 37
74 9 38
27 54 39
42 50 40
77 95 41
77 31 42
79 121 43
35 55 44
30 2 45
42 85 46
49 13 47
114 51 48
80 103 49
43 25 50
108 55 51
139 60 52
139 124 53
139 93 54
80 81 55
36 81 56
10 109 57
132 74 58
5 103 59
70 17 60
87 77 61
108 35 62
19 87 63
57 93 64
10 84 65
15 108 66
76 112 67
139 85 68
128 39 69
33 63 70
99 135 71
139 141 72
18 13 73
148 3 74
14 55 75
103 131 76
146 104 77
33 100 78
142 13 79
103 82 80
51 59 81
62 27 82
126 138 83
21 129 84
52 102 85
49 14 86
94 25 87
36 133 88
79 123 89
65 64 90
144 46 91
76 58 92
76 103 93
13 84 94
61 73 95
145 24 96
149 75 97
30 85 98
59 24 99
123 127 100
18 126 101
54 9 102
50 27 103
13 98 104
2 149 105
116 72 106
112 105 107
136 23 108
109 103 109
19 129 110
144 115 111
16 75 112
142 40 113
38 144 114
76 6 115
20 2 116
21 57 117
139 35 118
24 26 119
15 144 120
44 115 121
121 42 122
86 74 123
38 97 124
97 48 125
127 106 126
30 128 127
90 48 128
27 8 129
44 110 130
113 133 131
12 112 132
65 84 133
37 123 134
122 31 135
113 37 136
81 52 137
114 131 138
65 140 139
96 105 140
36 138 141
27 34 142
58 47 143
131 141 144
86 58 145
16 116 146
149 60 147
143 51 148
142 90 149
87 16 150
111 68 151
64 75 152
134 125 153
11 144 154
66 150 155
79 146 156
142 91 157
108 44 158
10 84 159
96 138 160
149 85 161
109 96 162
18 127 163
58 66 164
7 23 165
52 141 166
77 139 167
105 10 168
141 139 169
24 76 170
149 78 171
99 18 172
25 32 173
23 137 174
58 32 175
79 44 176
112 10 177
75 85 178
132 146 179
50 93 180
95 88 181
70 141 182
138 59 183
9 97 184
24 46 185
6 6 186
82 65 187
39 23 188
33 149 189
109 22 190
34 94 191
51 80 192
87 130 193
97 141 194
21 96 195
149 118 196
78 20 197
150 117 198
76 67 199
57 47 200
17 108 201
130 101 202
57 90 203
109 67 204
127 106 205
103 56 206
120 82 207
55 128 208
34 139 209
108 24 210
79 148 211
21 130 212
141 1 213
79 39 214
142 52 215
107 88 216
106 134 217
129 114 218
70 81 219
42 123 220
49 17 221
5 134 222
49 139 223
92 80 224
47 109 225
143 63 226
119 83 227
83 75 228
18 19 229
32 143 230
30 95 231
86 134 232
43 9 233
29 35 234
64 11 235
93 56 236
125 17 237
97 123 238
132 54 239
71 90 240
150 123 241
29 74 242
147 145 243
17 49 244
41 45 245
58 138 246
123 36 247
101 70 248
43 148 249
109 106 250
15 45 251
93 30 252
11 143 253
98 56 254
19 139 255
92 8 256
119 94 257
118 42 258
122 108 259
132 133 260
62 112 261
48 138 262
17 99 263
109 70 264
138 142 265
72 138 266
12 93 267
13 45 268
83 4 269
20 122 270
71 123 271
92 40 272
43 111 273
33 125 274
21 88 275
112 82 276
109 143 277
149 55 278
105 131 279
15 72 280
75 29 281
49 33 282
97 14 283
82 73 284
129 24 285
46 14 286
96 8 287
119 66 288
142 106 289
75 129 290
14 79 291
81 18 292
98 109 293
51 124 294
31 61 295
92 71 296
103 89 297
141 91 298
27 22 299
1 71 300
3 105 301
69 140 302
56 131 303
129 44 304
24 11 305
47 101 306
75 123 307
36 117 308
107 60 309
147 67 310
89 27 311
125 115 312
16 149 313
60 49 314
139 65 315
16 135 316
144 92 317
70 150 318
27 117 319
47 44 320
55 148 321
115 39 322
124 72 323
132 91 324
49 70 325
7 7 326
2 144 327
104 88 328
142 16 329
3 85 330
103 51 331
74 43 332
86 110 333
40 109 334
131 22 335
78 64 336
125 69 337
33 43 338
63 134 339
15 6 340
64 114 341
43 90 342
43 9 343
74 9 344
107 136 345
12 124 346
88 81 347
2 12 348
46 9 349
127 22 350
126 79 351
95 145 352
132 90 353
145 136 354
13 5 355
71 145 356
47 39 357
2 110 358
70 28 359
41 103 360
71 105 361
70 100 362
130 83 363
145 80 364
61 140 365
132 64 366
35 102 367
101 94 368
44 17 369
137 92 370
141 118 371
143 15 372
41 57 373
13 102 374
38 51 375
69 63 376
25 62 377
99 45 378
11 83 379
128 52 380
95 58 381
69 127 382
128 114 383
136 7 384
28 18 385
100 55 386
63 106 387
101 8 388
84 91 389
71 52 390
17 41 391
123 150 392
109 141 393
28 96 394
118 70 395
12 89 396
114 51 397
140 139 398
124 16 399
12 30 400
46 111 401
36 138 402
146 108 403
116 66 404
134 58 405
117 34 406
26 139 407
52 17 408
146 102 409
28 13 410
145 21 411
52 38 412
64 118 413
4 36 414
46 54 415
89 66 416
98 21 417
50 9 418
136 130 419
89 88 420
62 104 421
81 73 422
51 14 423
2 131 424
42 5 425
59 54 426
26 80 427
108 97 428
43 34 429
112 2 430
124 55 431
124 85 432
128 85 433
24 37 434
15 101 435
125 44 436
105 18 437
81 66 438
12 113 439
81 113 440
66 149 441
6 32 442
105 68 443
13 16 444
130 103 445
3 95 446
78 52 447
125 111 448
132 102 449
14 14 450
29 99 451
87 50 452
51 87 453
67 80 454
37 110 455
140 8 456
104 81 457
77 83 458
12 134 459
12 37 460
117 26 461
62 89 462
107 27 463
32 72 464
36 32 465
65 48 466
6 128 467
14 115 468
51 105 469
34 62 470
111 9 471
99 10 472
27 91 473
39 73 474
142 104 475
118 85 476
148 111 477
23 12 478
74 89 479
17 113 480
36 63 481
114 120 482
107 56 483
17 83 484
105 148 485
45 107 486
32 91 487
123 67 488
15 34 489
34 27 490
104 67 491
74 71 492
133 149 493
52 64 494
13 75 495
116 135 496
136 80 497
87 94 498
72 40 499
30 83 500
115 3 501
15 136 502
80 133 503
148 99 504
71 137 505
21 71 506
74 140 507
73 126 508
62 139 509
134 80 510
1 17 511
84 92 512
64 126 513
2 58 514
112 22 515
96 83 516
145 133 517
119 62 518
50 122 519
18 93 520
141 96 521
9 50 522
93 49 523
24 52 524
141 27 525
15 147 526
66 142 527
123 88 528
93 91 529
50 133 530
102 16 531
98 101 532
11 99 533
3 134 534
120 72 535
119 38 536
60 146 537
41 64 538
85 68 539
68 86 540
110 52 541
76 74 542
104 36 543
98 35 544
109 94 545
115 94 546
96 121 547
109 76 548
59 2 549
5 34 550
68 45 551
9 98 552
54 1 553
88 79 554
88 148 555
144 86 556
75 15 557
80 139 558
57 84 559
146 144 560
136 112 561
102 22 562
116 124 563
96 68 564
34 76 565
22 118 566
68 131 567
121 137 568
37 40 569
73 2 570
8 50 571
110 96 572
86 78 573
138 122 574
117 13 575
79 96 576
42 119 577
90 28 578
34 143 579
26 41 580
16 47 581
40 94 582
30 94 583
28 87 584
135 50 585
133 141 586
15 17 587
83 81 588
150 117 589
43 40 590
58 145 591
67 129 592
147 86 593
68 17 594
4 109 595
100 122 596
46 102 597
134 71 598
42 32 599
29 69 600
94 129 601
126 73 602
79 116 603
88 73 604
65 84 605
141 14 606
54 65 607
18 31 608
1 142 609
63 142 610
127 145 611
83 85 612
53 94 613
89 30 614
146 30 615
110 57 616
104 72 617
81 148 618
67 9 619
122 76 620
134 75 621
103 103 622
11 17 623
130 26 624
56 127 625
94 126 626
86 105 627
139 82 628
43 147 629
146 122 630
113 95 631
52 143 632
43 36 633
105 132 634
147 56 635
8 12 636
4 132 637
141 97 638
100 126 639
98 10 640
77 96 641
54 82 642
117 133 643
115 22 644
92 136 645
38 64 646
47 18 647
22 108 648
98 53 649
11 128 650
18 76 651
59 142 652
25 59 653
41 26 654
139 109 655
68 28 656
46 30 657
143 74 658
35 8 659
55 31 660
120 94 661
36 49 662
84 125 663
131 17 664
127 69 665
86 12 666
147 134 667
128 129 668
45 104 669
110 92 670
50 96 671
77 85 672
93 3 673
50 118 674
138 15 675
57 42 676
35 51 677
121 136 678
92 51 679
112 6 680
150 41 681
23 144 682
130 54 683
109 71 684
125 25 685
1 145 686
83 30 687
55 49 688
46 3 689
142 18 690
6 103 691
110 73 692
40 62 693
63 36 694
39 126 695
25 15 696
89 2 697
43 85 698
63 127 699
19 38 700
79 64 701
119 127 702
88 128 703
57 46 704
85 15 705
138 129 706
1 31 707
29 42 708
104 148 709
7 82 710
75 60 711
67 137 712
96 119 713
102 4 714
42 114 715
69 85 716
114 131 717
133 78 718
65 120 719
125 133 720
20 114 721
53 146 722
135 53 723
66 142 724
47 69 725
54 94 726
82 55 727
42 82 728
89 145 729
149 104 730
145 11 731
6 38 732
28 40 733
43 128 734
146 135 735
111 28 736
95 5 737
4 97 738
3 3 739
132 115 740
120 85 741
79 76 742
124 42 743
83 132 744
52 102 745
143 141 746
15 105 747
138 73 748
78 62 749
131 75 750
110 58 751
72 45 752
116 55 753
104 84 754
47 74 755
31 56 756
55 17 757
117 119 758
66 65 759
92 23 760
103 36 761
63 71 762
78 14 763
95 41 764
138 16 765
34 88 766
55 37 767
108 37 768
77 124 769
118 107 770
90 105 771
20 35 772
18 76 773
73 105 774
102 76 775
80 8 776
141 58 777
48 144 778
124 33 779
131 92 780
148 110 781
146 138 782
125 101 783
76 46 784
67 54 785
39 89 786
27 130 787
83 36 788
91 7 789
80 28 790
11 44 791
116 96 792
128 69 793
25 40 794
111 31 795
108 48 796
114 21 797
50 82 798
32 35 799
38 127 800
6 94 801
17 140 802
110 10 803
27 100 804
136 95 805
74 41 806
136 76 807
24 49 808
27 35 809
81 145 810
29 130 811
95 30 812
41 98 813
89 150 814
66 23 815
15 64 816
101 91 817
73 86 818
81 70 819
17 117 820
68 90 821
134 98 822
85 146 823
104 79 824
3 15 825
9 97 826
64 57 827
120 38 828
65 37 829
94 88 830
139 143 831
4 19 832
121 67 833
88 144 834
92 26 835
122 17 836
97 134 837
130 22 838
102 137 839
49 138 840
149 116 841
76 20 842
120 103 843
130 96 844
23 45 845
124 29 846
141 68 847
70 129 848
117 27 849
31 113 850
31 143 851
141 83 852
148 52 853
23 109 854
92 110 855
135 27 856
106 102 857
106 128 858
51 68 859
102 25 860
50 108 861
41 46 862
144 113 863
76 66 864
42 148 865
17 101 866
33 142 867
10 83 868
102 73 869
13 139 870
46 21 871
137 40 872
88 34 873
148 133 874
125 100 875
149 26 876
44 59 877
82 28 878
88 10 879
103 88 880
96 140 881
127 96 882
47 129 883
20 53 884
95 109 885
8 93 886
18 7 887
48 85 888
100 35 889
57 3 890
42 75 891
46 125 892
41 53 893
43 85 894
96 14 895
44 56 896
78 23 897
56 96 898
111 65 899
123 4 900
5 1 901
72 11 902
145 110 903
123 141 904
131 89 905
130 76 906
53 62 907
18 112 908
71 78 909
44 145 910
34 26 911
11 51 912
18 128 913
38 143 914
20 61 915
111 13 916
18 48 917
146 63 918
65 107 919
3 7 920
7 41 921
20 59 922
138 107 923
6 52 924
98 65 925
58 144 926
75 61 927
61 44 928
65 113 929
28 123 930
24 69 931
31 10 932
76 14 933
92 110 934
62 99 935
123 139 936
81 29 937
54 45 938
13 54 939
102 77 940
52 75 941
140 116 942
2 107 943
104 85 944
15 134 945
59 108 946
119 3 947
142 97 948
116 138 949
96 49 950
70 100 951
140 89 952
91 42 953
51 82 954
22 106 955
57 5 956
29 44 957
75 51 958
64 104 959
148 48 960
95 21 961
102 36 962
19 108 963
72 12 964
6 121 965
40 111 966
123 1 967
137 134 968
5 5 969
69 84 970
13 30 971
47 76 972
38 123 973
98 9 974
146 129 975
48 13 976
68 19 977
2 101 978
84 71 979
107 143 980
47 111 981
55 147 982
69 106 983
20 86 984
143 62 985
9 124 986
95 34 987
88 147 988
141 102 989
147 32 990
46 45 991
143 124 992
74 84 993
46 131 994
93 143 995
112 35 996
77 48 997
135 48 998
7 96 999
50 43 1000
6 132 1001
41 22 1002
95 42 1003
69 132 1004
112 58 1005
102 6 1006
109 85 1007
5 50 1008
90 47 1009
95 127 1010
86 30 1011
35 117 1012
93 19 1013
62 89 1014
65 48 1015
150 75 1016
126 145 1017
17 40 1018
107 119 1019
23 77 1020
9 72 1021
98 80 1022
16 117 1023
150 127 1024
90 5 1025
17 40 1026
124 126 1027
137 57 1028
63 105 1029
62 129 1030
106 31 1031
79 101 1032
68 110 1033
120 38 1034
104 126 1035
34 84 1036
106 22 1037
113 27 1038
97 82 1039
101 77 1040
47 81 1041
1 62 1042
96 63 1043
150 23 1044
49 99 1045
96 35 1046
93 45 1047
22 97 1048
62 30 1049
83 31 1050
92 38 1051
66 107 1052
75 133 1053
132 120 1054
111 71 1055
90 44 1056
65 23 1057
13 115 1058
42 101 1059
68 104 1060
84 20 1061
38 75 1062
18 84 1063
54 89 1064
9 138 1065
105 56 1066
13 104 1067
72 123 1068
104 137 1069
14 105 1070
68 30 1071
36 21 1072
17 29 1073
28 62 1074
52 98 1075
32 128 1076
60 34 1077
31 19 1078
73 20 1079
144 91 1080
133 142 1081
31 19 1082
19 18 1083
128 55 1084
80 49 1085
6 130 1086
10 139 1087
52 112 1088
74 73 1089
42 17 1090
12 90 1091
121 5 1092
142 85 1093
47 25 1094
68 135 1095
30 23 1096
114 132 1097
77 92 1098
116 90 1099
65 4 1100
89 124 1101
133 76 1102
12 37 1103
5 63 1104
35 55 1105
126 18 1106
144 19 1107
125 134 1108
139 60 1109
11 120 1110
109 9 1111
9 20 1112
63 55 1113
20 139 1114
70 21 1115
43 84 1116
82 1 1117
59 132 1118
96 141 1119
106 17 1120
119 25 1121
89 82 1122
31 65 1123
150 2 1124
59 126 1125
76 68 1126
85 82 1127
53 39 1128
103 74 1129
121 71 1130
88 58 1131
144 67 1132
76 90 1133
69 139 1134
101 14 1135
20 129 1136
96 123 1137
87 3 1138
24 109 1139
5 146 1140
129 93 1141
129 17 1142
136 86 1143
41 39 1144
44 128 1145
104 93 1146
148 58 1147
106 24 1148
55 119 1149
143 23 1150
115 92 1151
56 65 1152
127 101 1153
25 41 1154
141 118 1155
58 90 1156
56 136 1157
39 123 1158
147 101 1159
43 18 1160
127 99 1161
17 90 1162
3 41 1163
107 1 1164
33 124 1165
135 46 1166
27 149 1167
128 101 1168
29 107 1169
89 43 1170
33 115 1171
132 28 1172
129 138 1173
77 74 1174
106 70 1175
35 124 1176
6 84 1177
143 3 1178
52 21 1179
136 26 1180
58 135 1181
134 42 1182
69 111 1183
123 92 1184
84 36 1185
134 93 1186
94 4 1187
12 60 1188
103 143 1189
74 65 1190
98 10 1191
115 94 1192
137 38 1193
15 59 1194
41 26 1195
86 130 1196
126 114 1197
93 147 1198
113 54 1199
39 124 1200
37 123 1201
144 76 1202
40 102 1203
69 36 1204
116 110 1205
100 39 1206
23 33 1207
128 49 1208
74 131 1209
29 105 1210
134 140 1211
127 1 1212
132 30 1213
35 85 1214
5 130 1215
96 37 1216
82 119 1217
56 36 1218
1 31 1219
132 110 1220
137 6 1221
82 97 1222
32 150 1223
38 150 1224
119 107 1225
113 22 1226
142 31 1227
30 76 1228
38 82 1229
93 46 1230
49 137 1231
19 93 1232
97 32 1233
49 61 1234
3 33 1235
124 104 1236
52 95 1237
39 73 1238
141 14 1239
31 91 1240
108 143 1241
150 67 1242
126 9 1243
63 31 1244
118 149 1245
103 92 1246
74 133 1247
45 21 1248
41 84 1249
8 2 1250
91 106 1251
54 128 1252
45 51 1253
78 25 1254
61 105 1255
9 86 1256
25 124 1257
30 26 1258
114 44 1259
2 28 1260
84 135 1261
129 89 1262
9 6 1263
80 70 1264
140 44 1265
46 139 1266
107 127 1267
26 116 1268
66 77 1269
70 126 1270
92 16 1271
21 23 1272
2 97 1273
32 127 1274
13 4 1275
7 82 1276
42 9 1277
108 124 1278
36 121 1279
74 146 1280
35 71 1281
147 7 1282
78 18 1283
131 81 1284
131 138 1285
84 54 1286
63 135 1287
14 86 1288
6 102 1289
63 113 1290
117 16 1291
100 111 1292
82 61 1293
134 32 1294
134 71 1295
34 19 1296
32 21 1297
16 132 1298
77 113 1299
68 76 1300
104 143 1301
103 75 1302
50 77 1303
53 121 1304
149 97 1305
132 104 1306
98 103 1307
78 101 1308
60 103 1309
8 106 1310
29 145 1311
22 17 1312
54 115 1313
21 102 1314
42 41 1315
80 74 1316
65 144 1317
131 56 1318
14 71 1319
101 134 1320
80 144 1321
94 114 1322
110 84 1323
75 145 1324
130 51 1325
5 72 1326
147 91 1327
127 85 1328
19 78 1329
36 114 1330
97 141 1331
128 101 1332
10 44 1333
15 19 1334
16 37 1335
22 92 1336
60 53 1337
57 84 1338
11 1 1339
133 52 1340
130 116 1341
106 30 1342
114 137 1343
142 6 1344
51 136 1345
88 84 1346
12 47 1347
103 87 1348
1 64 1349
89 87 1350
79 76 1351
106 110 1352
99 112 1353
40 138 1354
19 48 1355
38 120 1356
47 124 1357
70 113 1358
120 106 1359
104 80 1360
50 8 1361
150 44 1362
125 24 1363
50 111 1364
99 112 1365
14 120 1366
108 99 1367
100 128 1368
127 139 1369
31 38 1370
138 42 1371
145 101 1372
13 143 1373
127 40 1374
142 149 1375
40 115 1376
68 7 1377
116 18 1378
121 79 1379
55 62 1380
60 21 1381
58 34 1382
97 62 1383
78 68 1384
1 42 1385
149 97 1386
36 114 1387
39 129 1388
79 88 1389
146 54 1390
64 27 1391
113 1 1392
138 7 1393
122 145 1394
100 46 1395
27 75 1396
64 17 1397
128 110 1398
15 34 1399
115 5 1400
94 29 1401
30 118 1402
14 86 1403
105 78 1404
130 100 1405
73 129 1406
9 114 1407
134 117 1408
60 29 1409
109 54 1410
111 7 1411
68 143 1412
13 9 1413
73 102 1414
150 126 1415
84 121 1416
16 83 1417
121 87 1418
88 15 1419
26 107 1420
46 31 1421
28 29 1422
50 28 1423
51 27 1424
81 102 1425
10 75 1426
6 103 1427
37 61 1428
1 146 1429
117 84 1430
72 30 1431
8 148 1432
122 49 1433
143 78 1434
105 96 1435
136 63 1436
91 98 1437
52 72 1438
17 83 1439
99 81 1440
149 88 1441
69 40 1442
48 39 1443
148 42 1444
130 56 1445
137 81 1446
65 14 1447
90 21 1448
16 134 1449
56 35 1450
148 106 1451
131 146 1452
46 144 1453
146 74 1454
34 35 1455
11 86 1456
111 23 1457
97 72 1458
1 30 1459
124 53 1460
40 114 1461
87 72 1462
131 9 1463
137 114 1464
104 38 1465
45 3 1466
29 13 1467
10 24 1468
5 37 1469
67 11 1470
63 56 1471
120 80 1472
59 90 1473
150 127 1474
111 33 1475
128 49 1476
48 20 1477
148 42 1478
18 56 1479
14 101 1480
136 125 1481
18 118 1482
128 37 1483
17 19 1484
45 145 1485
132 107 1486
74 142 1487
39 140 1488
123 16 1489
58 13 1490
57 22 1491
132 38 1492
142 89 1493
86 7 1494
78 10 1495
145 95 1496
132 88 1497
42 14 1498
104 17 1499
1 56 1500
26 29 1501
143 90 1502
79 17 1503
35 32 1504
146 72 1505
41 93 1506
65 111 1507
95 96 1508
22 12 1509
42 5 1510
55 149 1511
41 44 1512
42 10 1513
41 16 1514
3 28 1515
101 130 1516
143 144 1517
48 10 1518
44 121 1519
133 36 1520
102 59 1521
40 53 1522
28 145 1523
87 135 1524
136 109 1525
3 82 1526
134 117 1527
89 99 1528
101 40 1529
110 114 1530
80 119 1531
114 57 1532
100 57 1533
50 2 1534
114 117 1535
16 25 1536
130 103 1537
141 9 1538
20 147 1539
17 106 1540
70 25 1541
73 96 1542
121 104 1543
34 100 1544
89 103 1545
40 139 1546
79 16 1547
113 21 1548
89 79 1549
59 85 1550
17 150 1551
39 103 1552
24 94 1553
3 150 1554
134 49 1555
135 113 1556
118 139 1557
49 146 1558
115 57 1559
61 19 1560
87 53 1561
106 123 1562
141 62 1563
8 110 1564
150 150 1565
60 54 1566
99 107 1567
66 31 1568
137 69 1569
124 19 1570
42 114 1571
64 92 1572
80 19 1573
37 132 1574
43 36 1575
13 35 1576
92 136 1577
47 100 1578
86 137 1579
36 97 1580
36 70 1581
62 51 1582
84 70 1583
2 37 1584
107 5 1585
109 79 1586
66 47 1587
85 104 1588
150 66 1589
16 28 1590
79 63 1591
105 12 1592
150 49 1593
4 59 1594
120 6 1595
137 44 1596
67 72 1597
12 74 1598
150 1 1599
124 3 1600
120 26 1601
91 142 1602
10 34 1603
137 112 1604
125 71 1605
122 6 1606
65 122 1607
143 99 1608
105 43 1609
128 8 1610
113 126 1611
48 131 1612
128 43 1613
3 140 1614
3 139 1615
135 32 1616
96 117 1617
87 28 1618
110 6 1619
149 14 1620
111 140 1621
48 93 1622
76 92 1623
110 120 1624
67 120 1625
45 42 1626
104 131 1627
25 9 1628
142 3 1629
81 70 1630
49 69 1631
28 130 1632
121 93 1633
28 125 1634
3 100 1635
23 44 1636
105 140 1637
29 121 1638
15 113 1639
142 127 1640
80 6 1641
84 143 1642
39 118 1643
51 145 1644
137 133 1645
81 5 1646
45 118 1647
68 3 1648
58 26 1649
15 73 1650
123 88 1651
70 125 1652
130 113 1653
88 88 1654
24 149 1655
37 133 1656
33 24 1657
52 77 1658
7 79 1659
113 67 1660
33 76 1661
133 103 1662
145 94 1663
46 64 1664
26 39 1665
91 67 1666
35 101 1667
73 83 1668
26 2 1669
108 14 1670
56 116 1671
94 68 1672
18 42 1673
62 83 1674
20 133 1675
75 131 1676
126 32 1677
8 12 1678
34 31 1679
80 60 1680
105 44 1681
88 21 1682
7 11 1683
141 126 1684
85 4 1685
128 91 1686
29 53 1687
142 80 1688
139 86 1689
101 133 1690
81 113 1691
6 69 1692
32 20 1693
112 98 1694
69 127 1695
3 78 1696
110 104 1697
131 101 1698
36 25 1699
72 38 1700
76 67 1701
61 10 1702
97 31 1703
115 70 1704
19 32 1705
12 55 1706
18 75 1707
100 127 1708
111 13 1709
148 129 1710
146 104 1711
32 51 1712
19 68 1713
150 29 1714
2 6 1715
8 66 1716
38 14 1717
45 150 1718
92 95 1719
19 132 1720
46 63 1721
30 78 1722
145 92 1723
76 75 1724
29 49 1725
89 47 1726
87 100 1727
2 40 1728
12 4 1729
3 10 1730
35 98 1731
143 35 1732
107 29 1733
7 94 1734
82 21 1735
121 70 1736
71 60 1737
83 72 1738
123 61 1739
76 121 1740
61 95 1741
133 42 1742
71 145 1743
106 88 1744
131 41 1745
15 53 1746
148 104 1747
47 15 1748
86 11 1749
48 112 1750
99 11 1751
143 99 1752
81 129 1753
134 19 1754
13 60 1755
133 87 1756
17 44 1757
35 26 1758
63 65 1759
113 74 1760
20 48 1761
75 90 1762
15 8 1763
83 20 1764
91 81 1765
29 58 1766
140 80 1767
80 65 1768
126 9 1769
73 60 1770
61 62 1771
134 71 1772
141 86 1773
91 83 1774
63 130 1775
14 15 1776
72 91 1777
143 19 1778
13 3 1779
69 10 1780
140 61 1781
81 23 1782
53 39 1783
120 71 1784
121 111 1785
18 136 1786
106 14 1787
46 3 1788
21 135 1789
88 14 1790
32 105 1791
140 131 1792
143 100 1793
135 126 1794
18 146 1795
14 134 1796
31 66 1797
95 121 1798
49 140 1799
59 73 1800
32 111 1801
118 47 1802
142 112 1803
72 34 1804
33 6 1805
120 22 1806
114 19 1807
116 96 1808
22 149 1809
112 116 1810
21 104 1811
134 66 1812
146 87 1813
68 114 1814
57 134 1815
113 9 1816
42 46 1817
72 5 1818
73 78 1819
142 67 1820
47 54 1821
138 32 1822
89 39 1823
140 34 1824
150 103 1825
20 17 1826
42 103 1827
21 8 1828
47 26 1829
140 5 1830
103 46 1831
24 92 1832
111 32 1833
114 14 1834
107 47 1835
105 130 1836
53 114 1837
35 124 1838
15 35 1839
29 26 1840
63 42 1841
84 37 1842
41 35 1843
54 137 1844
98 85 1845
104 116 1846
31 150 1847
109 2 1848
37 128 1849
38 94 1850
48 32 1851
57 97 1852
122 15 1853
24 44 1854
118 99 1855
148 20 1856
131 56 1857
117 93 1858
102 134 1859
6 14 1860
62 24 1861
48 134 1862
13 111 1863
125 140 1864
130 73 1865
111 69 1866
100 106 1867
97 117 1868
20 115 1869
14 75 1870
56 54 1871
30 68 1872
8 81 1873
88 134 1874
31 130 1875
123 75 1876
11 62 1877
97 123 1878
93 126 1879
37 10 1880
34 81 1881
7 3 1882
49 70 1883
133 106 1884
18 114 1885
85 72 1886
51 119 1887
70 142 1888
60 132 1889
44 36 1890
45 47 1891
55 84 1892
58 33 1893
137 95 1894
58 15 1895
15 52 1896
41 131 1897
75 126 1898
95 138 1899
114 102 1900
99 145 1901
24 142 1902
43 137 1903
50 134 1904
6 15 1905
52 87 1906
12 4 1907
149 148 1908
96 149 1909
75 17 1910
13 133 1911
120 41 1912
9 46 1913
20 106 1914
143 118 1915
143 60 1916
145 49 1917
91 95 1918
87 32 1919
92 123 1920
109 116 1921
121 149 1922
63 98 1923
71 141 1924
95 115 1925
60 93 1926
30 73 1927
7 91 1928
63 124 1929
71 145 1930
87 81 1931
36 74 1932
122 46 1933
91 9 1934
35 90 1935
65 38 1936
19 85 1937
21 100 1938
36 4 1939
128 59 1940
81 148 1941
30 29 1942
128 59 1943
135 70 1944
123 45 1945
99 86 1946
46 72 1947
128 138 1948
44 67 1949
150 120 1950
7 107 1951
121 14 1952
117 97 1953
21 126 1954
58 110 1955
71 48 1956
7 12 1957
66 150 1958
59 59 1959
53 78 1960
147 100 1961
49 104 1962
49 85 1963
129 3 1964
23 22 1965
33 12 1966
69 58 1967
7 89 1968
47 39 1969
72 13 1970
111 30 1971
87 143 1972
28 95 1973
54 53 1974
57 140 1975
73 104 1976
119 56 1977
54 97 1978
45 91 1979
24 73 1980
56 82 1981
115 125 1982
9 126 1983
42 55 1984
23 78 1985
145 135 1986
73 91 1987
25 81 1988
14 100 1989
107 23 1990
88 125 1991
72 57 1992
61 60 1993
7 115 1994
125 89 1995
57 83 1996
3 80 1997
28 1 1998
39 64 1999
71 3 2000
121 38 2001
85 18 2002
141 62 2003
20 102 2004
34 25 2005
59 90 2006
137 101 2007
24 35 2008
7 35 2009
126 27 2010
87 137 2011
91 111 2012
90 42 2013
11 118 2014
93 59 2015
61 149 2016
33 93 2017
29 76 2018
23 30 2019
101 50 2020
88 108 2021
51 46 2022
14 115 2023
42 150 2024
57 119 2025
46 89 2026
140 10 2027
19 67 2028
9 41 2029
40 76 2030
66 33 2031
37 91 2032
104 60 2033
138 106 2034
130 2 2035
38 55 2036
10 137 2037
2 33 2038
68 27 2039
116 89 2040
145 106 2041
69 45 2042
143 139 2043
34 68 2044
36 94 2045
140 10 2046
90 3 2047
133 16 2048
88 132 2049
61 45 2050
86 84 2051
38 82 2052
82 43 2053
84 45 2054
11 41 2055
19 88 2056
122 59 2057
149 55 2058
86 18 2059
45 80 2060
9 62 2061
85 89 2062
125 60 2063
102 14 2064
26 118 2065
126 99 2066
134 126 2067
134 2 2068
134 69 2069
93 113 2070
106 24 2071
72 23 2072
80 145 2073
111 52 2074
28 71 2075
43 109 2076
118 35 2077
92 108 2078
66 77 2079
26 78 2080
25 66 2081
78 26 2082
110 9 2083
17 122 2084
116 83 2085
138 123 2086
127 35 2087
51 5 2088
71 64 2089
62 73 2090
7 99 2091
117 10 2092
101 31 2093
6 141 2094
90 68 2095
126 54 2096
37 106 2097
43 139 2098
90 38 2099
36 131 2100
5 103 2101
127 145 2102
102 96 2103
86 130 2104
87 59 2105
76 120 2106
11 13 2107
125 62 2108
62 147 2109
74 22 2110
86 64 2111
64 56 2112
84 130 2113
99 34 2114
42 113 2115
144 78 2116
45 5 2117
115 37 2118
6 42 2119
136 84 2120
26 67 2121
70 105 2122
60 56 2123
34 80 2124
104 38 2125
103 150 2126
115 1 2127
7 105 2128
100 120 2129
85 49 2130
38 15 2131
120 144 2132
31 110 2133
95 58 2134
10 132 2135
115 84 2136
26 22 2137
52 70 2138
125 76 2139
19 80 2140
11 24 2141
57 128 2142
65 81 2143
16 71 2144
21 126 2145
28 119 2146
29 84 2147
2 46 2148
56 68 2149
84 40 2150
6 124 2151
78 7 2152
35 101 2153
54 62 2154
56 24 2155
77 80 2156
32 54 2157
57 83 2158
60 16 2159
125 96 2160
146 55 2161
98 120 2162
149 109 2163
115 7 2164
44 57 2165
23 49 2166
65 134 2167
52 43 2168
92 25 2169
15 1 2170
38 121 2171
31 140 2172
86 85 2173
29 37 2174
53 147 2175
55 75 2176
8 44 2177
118 12 2178
31 149 2179
77 85 2180
3 48 2181
95 105 2182
141 77 2183
108 108 2184
70 30 2185
148 123 2186
70 105 2187
44 16 2188
19 85 2189
112 6 2190
148 124 2191
6 124 2192
55 74 2193
124 10 2194
25 66 2195
81 92 2196
71 128 2197
121 114 2198
70 60 2199
71 50 2200
75 77 2201
122 18 2202
16 41 2203
51 107 2204
47 73 2205
30 56 2206
130 9 2207
17 41 2208
102 137 2209
39 130 2210
114 145 2211
7 139 2212
88 123 2213
150 121 2214
88 100 2215
42 139 2216
30 38 2217
84 48 2218
143 53 2219
150 61 2220
149 22 2221
100 23 2222
102 31 2223
100 49 2224
127 72 2225
11 25 2226
42 35 2227
144 148 2228
25 73 2229
34 69 2230
95 146 2231
80 112 2232
89 100 2233
48 60 2234
28 146 2235
4 30 2236
3 120 2237
131 13 2238
46 121 2239
8 137 2240
92 107 2241
127 53 2242
7 13 2243
75 37 2244
1 83 2245
150 141 2246
91 138 2247
16 130 2248
36 58 2249
92 17 2250
136 53 2251
42 138 2252
20 34 2253
103 134 2254
130 63 2255
84 119 2256
107 75 2257
102 56 2258
36 33 2259
52 13 2260
68 49 2261
135 7 2262
108 46 2263
90 121 2264
7 104 2265
99 26 2266
24 16 2267
11 58 2268
26 25 2269
71 148 2270
33 81 2271
97 105 2272
116 127 2273
53 131 2274
7 93 2275
68 36 2276
27 93 2277
96 39 2278
128 103 2279
147 67 2280
55 123 2281
109 23 2282
6 7 2283
70 119 2284
32 79 2285
99 139 2286
121 130 2287
38 113 2288
61 115 2289
25 94 2290
79 72 2291
77 120 2292
128 119 2293
68 28 2294
29 134 2295
8 86 2296
10 79 2297
101 4 2298
139 43 2299
146 103 2300
144 82 2301
56 140 2302
55 126 2303
7 129 2304
33 48 2305
70 80 2306
60 41 2307
104 114 2308
87 24 2309
106 20 2310
144 10 2311
66 131 2312
71 15 2313
64 12 2314
131 20 2315
46 78 2316
2 95 2317
36 40 2318
49 41 2319
9 141 2320
36 68 2321
111 29 2322
9 34 2323
65 5 2324
136 2 2325
43 145 2326
113 11 2327
8 129 2328
121 50 2329
143 31 2330
90 40 2331
81 98 2332
62 91 2333
140 146 2334
46 85 2335
24 29 2336
61 124 2337
80 115 2338
96 48 2339
135 133 2340
69 40 2341
32 38 2342
34 69 2343
25 74 2344
38 150 2345
125 61 2346
20 75 2347
88 121 2348
29 55 2349
111 20 2350
22 5 2351
7 120 2352
97 131 2353
137 85 2354
63 54 2355
29 6 2356
19 119 2357
87 103 2358
61 36 2359
134 96 2360
1 74 2361
118 125 2362
93 84 2363
41 90 2364
39 115 2365
80 144 2366
135 112 2367
104 113 2368
60 43 2369
23 19 2370
62 136 2371
49 86 2372
60 82 2373
7 81 2374
124 78 2375
25 11 2376
23 11 2377
73 115 2378
63 126 2379
9 86 2380
79 31 2381
38 65 2382
30 62 2383
148 9 2384
140 15 2385
79 3 2386
131 27 2387
59 71 2388
21 51 2389
40 50 2390
59 109 2391
111 124 2392
45 93 2393
114 25 2394
16 1 2395
65 93 2396
134 103 2397
65 74 2398
91 23 2399
16 148 2400
18 142 2401
116 7 2402
105 48 2403
12 148 2404
97 95 2405
18 90 2406
10 84 2407
30 142 2408
128 81 2409
6 86 2410
70 7 2411
90 81 2412
20 12 2413
98 142 2414
95 123 2415
76 37 2416
13 148 2417
69 6 2418
84 19 2419
102 138 2420
42 137 2421
148 100 2422
28 4 2423
145 126 2424
62 98 2425
107 115 2426
144 20 2427
9 5 2428
5 50 2429
97 147 2430
110 69 2431
1 72 2432
23 122 2433
80 11 2434
36 105 2435
146 65 2436
116 19 2437
47 134 2438
19 116 2439
110 120 2440
122 60 2441
60 84 2442
118 40 2443
47 95 2444
51 137 2445
85 85 2446
59 63 2447
121 17 2448
131 11 2449
15 52 2450
110 62 2451
1 75 2452
123 107 2453
103 116 2454
85 58 2455
99 6 2456
146 30 2457
104 149 2458
44 101 2459
145 59 2460
108 121 2461
120 56 2462
58 133 2463
59 7 2464
133 73 2465
117 29 2466
54 63 2467
100 13 2468
5 100 2469
97 3 2470
46 3 2471
12 90 2472
106 147 2473
48 22 2474
98 61 2475
95 16 2476
120 11 2477
117 12 2478
95 106 2479
79 80 2480
109 30 2481
50 147 2482
81 5 2483
98 67 2484
13 83 2485
147 60 2486
68 43 2487
28 142 2488
122 29 2489
79 130 2490
82 38 2491
16 84 2492
101 97 2493
1 93 2494
50 83 2495
64 124 2496
69 147 2497
99 62 2498
138 148 2499
144 53 2500
69 46 2501
134 136 2502
35 58 2503
23 71 2504
148 122 2505
105 77 2506
4 102 2507
98 52 2508
46 91 2509
72 141 2510
43 128 2511
145 53 2512
75 1 2513
81 100 2514
119 111 2515
73 48 2516
106 82 2517
42 15 2518
95 148 2519
107 57 2520
68 119 2521
41 29 2522
44 11 2523
125 80 2524
45 73 2525
133 116 2526
19 118 2527
3 94 2528
37 149 2529
80 92 2530
117 130 2531
64 46 2532
126 118 2533
94 103 2534
114 128 2535
108 48 2536
118 89 2537
44 11 2538
43 69 2539
54 10 2540
76 48 2541
64 54 2542
9 121 2543
99 148 2544
13 37 2545
22 52 2546
10 64 2547
37 40 2548
30 89 2549
127 92 2550
5 8 2551
13 128 2552
28 45 2553
45 81 2554
146 28 2555
14 109 2556
129 101 2557
68 22 2558
79 90 2559
131 19 2560
128 80 2561
10 150 2562
105 86 2563
131 66 2564
32 9 2565
13 44 2566
78 142 2567
117 134 2568
17 61 2569
149 2 2570
125 131 2571
61 111 2572
28 107 2573
41 39 2574
120 30 2575
56 29 2576
120 83 2577
68 57 2578
110 129 2579
146 60 2580
98 38 2581
148 72 2582
146 97 2583
137 27 2584
95 143 2585
17 106 2586
39 135 2587
105 103 2588
45 74 2589
64 132 2590
96 131 2591
134 104 2592
28 112 2593
95 135 2594
82 3 2595
144 43 2596
125 129 2597
123 130 2598
54 14 2599
84 149 2600
95 5 2601
2 127 2602
76 57 2603
17 11 2604
68 102 2605
132 61 2606
31 10 2607
109 141 2608
25 116 2609
64 26 2610
42 84 2611
117 143 2612
73 65 2613
64 70 2614
58 51 2615
88 64 2616
12 91 2617
13 40 2618
142 41 2619
23 111 2620
52 124 2621
124 124 2622
35 94 2623
36 121 2624
129 83 2625
53 63 2626
95 40 2627
73 120 2628
39 105 2629
26 50 2630
136 57 2631
91 58 2632
40 137 2633
51 17 2634
39 97 2635
22 150 2636
97 27 2637
51 38 2638
32 5 2639
4 146 2640
60 66 2641
136 79 2642
10 99 2643
23 73 2644
50 119 2645
84 97 2646
77 59 2647
24 48 2648
89 145 2649
42 85 2650
38 76 2651
39 146 2652
72 131 2653
123 74 2654
129 28 2655
138 72 2656
37 44 2657
23 66 2658
123 19 2659
4 90 2660
46 127 2661
23 43 2662
71 115 2663
91 144 2664
36 57 2665
15 62 2666
71 7 2667
71 103 2668
130 85 2669
79 73 2670
80 90 2671
39 41 2672
141 143 2673
116 60 2674
35 35 2675
125 23 2676
22 89 2677
84 36 2678
121 42 2679
87 70 2680
70 47 2681
77 14 2682
9 33 2683
9 25 2684
133 146 2685
63 125 2686
124 17 2687
13 31 2688
72 49 2689
90 92 2690
130 114 2691
72 81 2692
135 109 2693
150 96 2694
33 52 2695
83 57 2696
67 64 2697
41 44 2698
83 120 2699
98 23 2700
149 132 2701
146 96 2702
150 58 2703
124 5 2704
97 45 2705
63 8 2706
5 61 2707
36 8 2708
6 73 2709
124 47 2710
10 38 2711
136 20 2712
116 137 2713
44 28 2714
75 104 2715
41 60 2716
90 62 2717
52 52 2718
22 111 2719
97 132 2720
60 54 2721
92 42 2722
110 148 2723
130 51 2724
140 93 2725
123 98 2726
70 67 2727
33 13 2728
87 57 2729
11 40 2730
117 109 2731
18 84 2732
88 141 2733
16 129 2734
129 133 2735
26 116 2736
75 133 2737
39 148 2738
92 105 2739
97 64 2740
143 57 2741
81 96 2742
113 119 2743
79 58 2744
52 8 2745
81 145 2746
69 137 2747
142 83 2748
120 11 2749
11 133 2750
20 27 2751
46 97 2752
104 61 2753
130 81 2754
14 61 2755
148 47 2756
134 3 2757
61 88 2758
57 119 2759
92 30 2760
95 102 2761
60 145 2762
31 88 2763
9 127 2764
80 35 2765
3 22 2766
10 41 2767
104 36 2768
25 118 2769
90 68 2770
36 51 2771
70 43 2772
81 126 2773
14 112 2774
84 37 2775
91 143 2776
38 66 2777
115 22 2778
9 108 2779
51 25 2780
146 24 2781
47 90 2782
132 100 2783
147 47 2784
28 90 2785
26 123 2786
135 60 2787
8 12 2788
86 19 2789
115 104 2790
41 106 2791
142 25 2792
29 99 2793
150 53 2794
17 31 2795
55 38 2796
125 100 2797
3 107 2798
100 74 2799
138 130 2800
41 46 2801
62 62 2802
5 47 2803
66 131 2804
30 115 2805
31 141 2806
8 1 2807
65 148 2808
119 2 2809
51 43 2810
112 93 2811
6 84 2812
126 81 2813
12 38 2814
93 46 2815
123 70 2816
73 145 2817
32 103 2818
55 2 2819
117 20 2820
150 148 2821
103 119 2822
114 125 2823
103 97 2824
122 47 2825
117 24 2826
70 121 2827
22 27 2828
140 28 2829
32 4 2830
105 41 2831
25 141 2832
142 12 2833
79 101 2834
41 123 2835
78 31 2836
7 108 2837
110 100 2838
138 62 2839
25 99 2840
3 125 2841
115 44 2842
13 56 2843
33 125 2844
120 64 2845
14 148 2846
66 65 2847
124 2 2848
7 29 2849
53 16 2850
68 25 2851
56 1 2852
64 118 2853
109 19 2854
106 4 2855
90 12 2856
93 131 2857
143 39 2858
13 113 2859
40 131 2860
56 24 2861
1 46 2862
116 1 2863
144 133 2864
39 60 2865
57 110 2866
95 47 2867
134 92 2868
85 91 2869
127 48 2870
94 143 2871
97 20 2872
36 125 2873
63 97 2874
10 88 2875
3 45 2876
100 36 2877
124 98 2878
17 10 2879
92 82 2880
72 113 2881
108 14 2882
125 55 2883
81 98 2884
64 6 2885
102 78 2886
110 141 2887
36 89 2888
10 64 2889
74 124 2890
140 39 2891
73 109 2892
6 92 2893
142 1 2894
123 131 2895
91 68 2896
146 122 2897
107 114 2898
125 82 2899
10 2 2900
130 81 2901
75 119 2902
144 130 2903
6 20 2904
9 94 2905
54 102 2906
39 69 2907
90 76 2908
127 28 2909
149 46 2910
110 12 2911
96 63 2912
10 117 2913
33 79 2914
1 148 2915
143 22 2916
39 2 2917
83 33 2918
37 66 2919
110 25 2920
43 111 2921
80 126 2922
43 105 2923
20 147 2924
143 56 2925
68 122 2926
1 135 2927
28 93 2928
79 107 2929
21 50 2930
2 76 2931
103 112 2932
53 131 2933
47 73 2934
127 97 2935
109 26 2936
35 22 2937
60 65 2938
85 91 2939
17 48 2940
22 20 2941
9 121 2942
80 73 2943
91 33 2944
5 45 2945
66 92 2946
28 27 2947
142 65 2948
142 20 2949
102 75 2950
33 23 2951
25 70 2952
125 43 2953
8 138 2954
31 112 2955
129 19 2956
80 72 2957
9 39 2958
120 27 2959
1 101 2960
35 28 2961
48 97 2962
78 61 2963
37 41 2964
32 107 2965
36 127 2966
9 81 2967
34 93 2968
137 84 2969
92 119 2970
97 117 2971
107 43 2972
63 44 2973
44 112 2974
90 93 2975
132 129 2976
33 82 2977
126 101 2978
118 115 2979
84 21 2980
125 102 2981
12 22 2982
24 76 2983
118 126 2984
43 55 2985
122 87 2986
63 46 2987
14 116 2988
52 28 2989
97 74 2990
56 30 2991
91 6 2992
11 80 2993
47 26 2994
62 104 2995
75 125 2996
129 145 2997
66 107 2998
12 86 2999
3 78 3000
44 105 3001
53 104 3002
59 6 3003
68 42 3004
141 96 3005
93 65 3006
38 89 3007
36 55 3008
115 134 3009
150 124 3010
4 53 3011
102 19 3012
129 90 3013
79 149 3014
90 88 3015
4 76 3016
97 149 3017
92 2 3018
147 78 3019
74 143 3020
39 14 3021
46 9 3022
16 102 3023
43 138 3024
121 57 3025
130 43 3026
73 18 3027
58 80 3028
59 30 3029
117 82 3030
22 83 3031
95 12 3032
1 41 3033
20 4 3034
57 88 3035
102 44 3036
110 108 3037
45 2 3038
74 28 3039
80 99 3040
7 20 3041
124 143 3042
47 113 3043
51 84 3044
55 110 3045
89 26 3046
57 39 3047
19 134 3048
89 72 3049
47 80 3050
12 125 3051
58 123 3052
45 83 3053
134 12 3054
25 4 3055
19 58 3056
131 73 3057
143 125 3058
50 19 3059
15 10 3060
115 115 3061
78 27 3062
107 61 3063
81 64 3064
131 19 3065
118 56 3066
90 88 3067
121 112 3068
134 92 3069
52 38 3070
15 144 3071
147 49 3072
99 27 3073
136 22 3074
143 87 3075
145 44 3076
57 141 3077
9 93 3078
103 107 3079
94 20 3080
5 110 3081
106 146 3082
46 139 3083
146 46 3084
133 77 3085
77 17 3086
4 142 3087
134 12 3088
20 72 3089
130 26 3090
48 3 3091
91 68 3092
93 130 3093
145 23 3094
87 58 3095
107 46 3096
146 62 3097
136 147 3098
24 35 3099
29 94 3100
150 131 3101
140 126 3102
106 37 3103
145 25 3104
148 109 3105
105 45 3106
122 30 3107
8 7 3108
105 89 3109
142 3 3110
123 41 3111
45 100 3112
98 25 3113
97 96 3114
61 92 3115
103 100 3116
88 51 3117
86 43 3118
45 128 3119
99 80 3120
71 33 3121
102 106 3122
72 23 3123
13 71 3124
55 115 3125
127 103 3126
99 10 3127
27 46 3128
7 10 3129
49 63 3130
63 7 3131
130 40 3132
35 3 3133
80 80 3134
81 10 3135
108 63 3136
25 36 3137
36 9 3138
17 100 3139
142 88 3140
121 85 3141
87 31 3142
61 18 3143
8 22 3144
67 104 3145
141 124 3146
133 101 3147
12 43 3148
108 10 3149
11 22 3150
70 70 3151
42 74 3152
30 35 3153
74 38 3154
26 124 3155
90 89 3156
98 19 3157
83 128 3158
29 92 3159
137 27 3160
106 23 3161
81 75 3162
89 62 3163
2 127 3164
12 24 3165
61 140 3166
104 126 3167
27 120 3168
18 145 3169
79 46 3170
53 136 3171
45 94 3172
8 19 3173
64 62 3174
127 86 3175
100 86 3176
15 94 3177
50 59 3178
2 69 3179
19 64 3180
61 144 3181
65 57 3182
21 108 3183
111 56 3184
127 56 3185
71 45 3186
149 4 3187
34 23 3188
65 45 3189
121 63 3190
112 89 3191
60 144 3192
119 24 3193
72 50 3194
70 46 3195
114 7 3196
107 109 3197
3 67 3198
142 5 3199
3 80 3200
136 123 3201
90 91 3202
98 145 3203
57 85 3204
55 119 3205
55 70 3206
102 42 3207
20 145 3208
144 145 3209
124 80 3210
46 16 3211
72 84 3212
78 23 3213
110 132 3214
121 52 3215
135 72 3216
95 41 3217
121 17 3218
30 63 3219
5 91 3220
120 59 3221
69 54 3222
1 39 3223
23 5 3224
43 103 3225
97 26 3226
40 72 3227
125 9 3228
26 69 3229
96 86 3230
44 79 3231
94 133 3232
134 6 3233
138 57 3234
11 33 3235
127 73 3236
97 45 3237
130 9 3238
45 96 3239
102 61 3240
122 5 3241
81 29 3242
88 92 3243
3 113 3244
11 56 3245
128 147 3246
93 111 3247
110 35 3248
81 102 3249
72 14 3250
71 150 3251
30 113 3252
107 47 3253
22 81 3254
134 96 3255
99 121 3256
85 20 3257
63 89 3258
50 81 3259
107 98 3260
13 36 3261
97 39 3262
90 51 3263
103 150 3264
116 82 3265
10 28 3266
108 108 3267
143 51 3268
122 21 3269
122 85 3270
50 114 3271
129 139 3272
84 43 3273
67 86 3274
40 4 3275
61 19 3276
75 112 3277
51 88 3278
145 11 3279
98 140 3280
49 35 3281
117 91 3282
80 78 3283
103 9 3284
41 94 3285
135 73 3286
111 135 3287
64 30 3288
105 99 3289
44 141 3290
51 103 3291
116 138 3292
75 108 3293
127 70 3294
62 52 3295
32 34 3296
56 88 3297
142 68 3298
17 126 3299
123 29 3300
116 9 3301
18 103 3302
95 7 3303
51 75 3304
132 6 3305
34 12 3306
26 51 3307
145 113 3308
53 149 3309
89 137 3310
84 127 3311
97 149 3312
147 36 3313
116 7 3314
77 63 3315
103 127 3316
65 35 3317
38 62 3318
3 90 3319
60 26 3320
148 96 3321
16 105 3322
25 13 3323
143 27 3324
19 132 3325
106 22 3326
77 84 3327
39 23 3328
44 93 3329
23 43 3330
69 110 3331
52 2 3332
68 70 3333
100 50 3334
43 22 3335
102 53 3336
35 44 3337
129 68 3338
123 103 3339
67 98 3340
145 105 3341
108 146 3342
116 33 3343
83 26 3344
122 47 3345
18 116 3346
117 70 3347
105 89 3348
125 104 3349
37 129 3350
62 2 3351
96 84 3352
140 37 3353
150 32 3354
142 57 3355
11 148 3356
137 55 3357
60 52 3358
65 47 3359
59 104 3360
1 51 3361
19 86 3362
95 101 3363
1 129 3364
30 28 3365
70 84 3366
21 56 3367
84 43 3368
44 123 3369
84 82 3370
72 78 3371
110 148 3372
67 102 3373
5 134 3374
49 91 3375
138 66 3376
39 34 3377
49 28 3378
55 13 3379
137 80 3380
65 137 3381
62 19 3382
142 22 3383
81 61 3384
141 47 3385
106 90 3386
85 29 3387
24 29 3388
88 91 3389
74 56 3390
77 26 3391
99 63 3392
84 100 3393
70 144 3394
139 40 3395
36 104 3396
75 110 3397
47 57 3398
55 136 3399
77 89 3400
77 94 3401
33 16 3402
99 65 3403
138 103 3404
102 147 3405
26 33 3406
23 41 3407
75 81 3408
94 22 3409
37 84 3410
13 76 3411
43 34 3412
118 1 3413
120 112 3414
47 107 3415
37 149 3416
10 82 3417
125 86 3418
36 123 3419
142 54 3420
12 39 3421
23 56 3422
110 70 3423
93 24 3424
49 127 3425
11 36 3426
115 131 3427
11 87 3428
21 110 3429
32 60 3430
123 95 3431
117 13 3432
86 4 3433
77 81 3434
15 131 3435
67 2 3436
101 61 3437
2 96 3438
60 91 3439
138 150 3440
135 57 3441
128 57 3442
12 106 3443
1 138 3444
127 49 3445
72 72 3446
9 30 3447
10 124 3448
78 51 3449
112 36 3450
116 33 3451
2 53 3452
101 43 3453
59 31 3454
145 45 3455
49 88 3456
69 50 3457
13 8 3458
122 16 3459
129 141 3460
106 120 3461
7 148 3462
6 26 3463
53 78 3464
58 71 3465
145 5 3466
58 146 3467
145 134 3468
128 69 3469
81 89 3470
70 51 3471
74 70 3472
113 69 3473
50 69 3474
91 68 3475
88 24 3476
120 79 3477
61 62 3478
134 142 3479
105 43 3480
149 127 3481
61 62 3482
124 37 3483
13 106 3484
128 53 3485
58 56 3486
33 137 3487
120 78 3488
131 126 3489
128 126 3490
87 50 3491
25 139 3492
136 86 3493
111 57 3494
63 129 3495
69 36 3496
25 43 3497
37 83 3498
108 28 3499
134 5 3500
117 5 3501
109 48 3502
90 130 3503
29 69 3504
121 37 3505
47 31 3506
38 26 3507
31 98 3508
9 63 3509
111 31 3510
41 134 3511
66 49 3512
37 136 3513
42 100 3514
44 144 3515
29 31 3516
38 64 3517
23 123 3518
39 63 3519
109 81 3520
93 54 3521
78 23 3522
40 91 3523
51 143 3524
45 14 3525
24 62 3526
20 131 3527
15 70 3528
57 3 3529
120 110 3530
90 16 3531
120 56 3532
119 13 3533
100 123 3534
96 136 3535
133 109 3536
109 54 3537
66 145 3538
139 14 3539
57 62 3540
109 18 3541
134 73 3542
148 124 3543
136 48 3544
120 102 3545
118 118 3546
126 2 3547
24 5 3548
136 93 3549
61 76 3550
110 90 3551
72 1 3552
93 75 3553
80 63 3554
45 46 3555
76 81 3556
37 84 3557
50 115 3558
142 12 3559
8 13 3560
24 52 3561
43 80 3562
61 41 3563
98 91 3564
148 146 3565
18 114 3566
45 62 3567
16 105 3568
89 84 3569
49 91 3570
18 29 3571
110 114 3572
113 79 3573
73 2 3574
144 36 3575
4 116 3576
4 15 3577
58 122 3578
123 17 3579
71 62 3580
148 53 3581
24 140 3582
46 16 3583
113 8 3584
71 124 3585
141 31 3586
133 72 3587
68 29 3588
19 3 3589
74 124 3590
3 18 3591
115 47 3592
74 136 3593
104 21 3594
150 27 3595
84 102 3596
107 42 3597
43 91 3598
75 14 3599
104 100 3600
80 4 3601
95 72 3602
30 104 3603
50 94 3604
117 30 3605
2 48 3606
146 125 3607
130 146 3608
1 118 3609
6 13 3610
65 138 3611
129 149 3612
148 123 3613
88 8 3614
95 95 3615
3 6 3616
84 72 3617
27 140 3618
67 7 3619
47 81 3620
57 31 3621
45 42 3622
33 48 3623
70 74 3624
79 125 3625
35 146 3626
44 56 3627
75 44 3628
9 110 3629
72 87 3630
62 122 3631
97 90 3632
25 76 3633
63 13 3634
112 86 3635
40 51 3636
102 89 3637
16 94 3638
74 109 3639
54 145 3640
72 100 3641
18 27 3642
75 74 3643
66 81 3644
26 2 3645
24 40 3646
72 126 3647
131 16 3648
3 140 3649
128 24 3650
41 9 3651
132 63 3652
60 80 3653
66 144 3654
93 61 3655
106 126 3656
106 116 3657
120 114 3658
108 149 3659
3 140 3660
137 137 3661
119 102 3662
63 126 3663
122 105 3664
106 14 3665
147 88 3666
86 88 3667
88 137 3668
26 109 3669
24 1 3670
114 13 3671
5 5 3672
9 121 3673
35 52 3674
32 101 3675
142 22 3676
143 3 3677
103 26 3678
60 8 3679
131 77 3680
34 62 3681
130 129 3682
119 134 3683
110 71 3684
11 125 3685
70 97 3686
94 105 3687
105 120 3688
39 60 3689
92 55 3690
81 58 3691
16 113 3692
44 13 3693
97 89 3694
117 84 3695
41 74 3696
21 28 3697
111 5 3698
41 97 3699
73 6 3700
21 7 3701
134 116 3702
36 140 3703
122 116 3704
6 104 3705
16 107 3706
71 148 3707
130 102 3708
6 124 3709
13 13 3710
23 111 3711
11 141 3712
50 128 3713
51 7 3714
18 23 3715
113 14 3716
132 77 3717
28 93 3718
46 45 3719
137 73 3720
15 121 3721
16 79 3722
123 38 3723
130 34 3724
93 58 3725
4 46 3726
131 106 3727
37 93 3728
35 46 3729
149 103 3730
98 74 3731
138 125 3732
114 85 3733
24 135 3734
109 10 3735
47 139 3736
74 140 3737
133 79 3738
129 26 3739
2 104 3740
139 12 3741
12 22 3742
127 49 3743
74 31 3744
24 73 3745
97 23 3746
129 17 3747
79 69 3748
93 60 3749
21 86 3750
11 23 3751
17 133 3752
135 34 3753
74 99 3754
125 72 3755
25 12 3756
137 13 3757
54 77 3758
47 33 3759
52 25 3760
144 48 3761
40 7 3762
127 19 3763
11 147 3764
54 111 3765
21 24 3766
20 63 3767
56 13 3768
38 137 3769
60 136 3770
121 113 3771
65 142 3772
132 31 3773
21 17 3774
105 43 3775
41 65 3776
128 36 3777
69 42 3778
86 71 3779
127 62 3780
48 137 3781
19 64 3782
68 55 3783
46 87 3784
17 29 3785
33 142 3786
81 114 3787
33 34 3788
88 100 3789
111 100 3790
19 41 3791
135 47 3792
15 113 3793
45 123 3794
18 45 3795
68 6 3796
31 102 3797
115 94 3798
38 120 3799
91 148 3800
126 119 3801
24 17 3802
66 85 3803
126 14 3804
46 129 3805
79 20 3806
54 6 3807
50 149 3808
118 51 3809
89 46 3810
117 75 3811
126 89 3812
36 49 3813
105 50 3814
60 121 3815
39 82 3816
63 142 3817
73 52 3818
33 80 3819
135 126 3820
32 7 3821
71 79 3822
139 123 3823
63 88 3824
93 1 3825
93 77 3826
9 136 3827
37 107 3828
95 29 3829
103 9 3830
81 102 3831
143 102 3832
14 145 3833
79 106 3834
28 102 3835
41 68 3836
138 3 3837
106 10 3838
6 90 3839
137 2 3840
16 40 3841
41 52 3842
103 53 3843
127 141 3844
74 90 3845
15 99 3846
147 15 3847
132 68 3848
110 86 3849
112 75 3850
58 128 3851
47 141 3852
18 26 3853
114 2 3854
98 86 3855
115 97 3856
126 24 3857
76 58 3858
87 106 3859
145 15 3860
123 140 3861
124 150 3862
37 129 3863
71 150 3864
13 87 3865
86 7 3866
95 45 3867
82 84 3868
114 50 3869
60 144 3870
127 113 3871
127 115 3872
29 106 3873
48 123 3874
39 128 3875
133 149 3876
36 2 3877
133 15 3878
77 19 3879
73 29 3880
122 46 3881
99 56 3882
129 40 3883
65 103 3884
63 141 3885
55 134 3886
69 140 3887
58 1 3888
28 147 3889
60 141 3890
93 22 3891
105 134 3892
28 39 3893
55 30 3894
43 123 3895
84 67 3896
16 5 3897
16 24 3898
32 73 3899
106 44 3900
69 116 3901
12 100 3902
150 92 3903
137 139 3904
96 87 3905
61 111 3906
105 90 3907
131 35 3908
91 79 3909
60 4 3910
26 78 3911
80 148 3912
88 20 3913
101 103 3914
90 52 3915
56 2 3916
65 46 3917
140 11 3918
42 11 3919
33 63 3920
66 13 3921
88 133 3922
95 79 3923
8 16 3924
54 43 3925
107 29 3926
81 41 3927
40 59 3928
33 141 3929
29 125 3930
7 80 3931
138 29 3932
8 68 3933
150 36 3934
21 144 3935
73 46 3936
55 20 3937
52 94 3938
133 146 3939
54 45 3940
126 132 3941
15 21 3942
52 104 3943
120 25 3944
25 126 3945
81 117 3946
134 2 3947
83 95 3948
42 94 3949
50 50 3950
42 5 3951
106 127 3952
17 132 3953
20 121 3954
18 111 3955
98 79 3956
115 55 3957
73 111 3958
126 117 3959
81 120 3960
41 33 3961
97 30 3962
5 77 3963
48 87 3964
38 118 3965
15 95 3966
75 135 3967
39 88 3968
65 56 3969
55 75 3970
18 3 3971
106 74 3972
145 86 3973
48 121 3974
5 111 3975
42 76 3976
84 145 3977
23 137 3978
35 141 3979
12 3 3980
43 141 3981
15 85 3982
57 135 3983
38 75 3984
65 121 3985
105 52 3986
65 14 3987
71 26 3988
88 91 3989
28 139 3990
77 9 3991
148 143 3992
48 7 3993
12 144 3994
125 92 3995
12 1 3996
72 80 3997
94 120 3998
25 33 3999
24 5 4000
112 135 4001
43 34 4002
123 17 4003
140 81 4004
118 51 4005
94 26 4006
26 80 4007
98 121 4008
136 44 4009
109 77 4010
69 6 4011
58 132 4012
84 10 4013
99 84 4014
45 106 4015
126 134 4016
138 52 4017
133 11 4018
24 141 4019
36 124 4020
104 55 4021
132 144 4022
4 103 4023
68 149 4024
18 38 4025
48 117 4026
51 1 4027
51 132 4028
79 85 4029
91 103 4030
69 5 4031
131 118 4032
70 41 4033
117 71 4034
28 46 4035
72 110 4036
50 104 4037
37 25 4038
127 38 4039
71 122 4040
30 121 4041
105 31 4042
147 147 4043
18 22 4044
66 6 4045
84 33 4046
64 12 4047
116 116 4048
53 143 4049
55 26 4050
99 19 4051
69 61 4052
107 46 4053
11 138 4054
93 121 4055
81 16 4056
124 82 4057
129 137 4058
19 52 4059
40 30 4060
121 82 4061
98 52 4062
125 18 4063
48 112 4064
145 97 4065
99 18 4066
97 10 4067
56 121 4068
127 122 4069
113 138 4070
68 33 4071
143 147 4072
87 126 4073
44 77 4074
26 102 4075
24 148 4076
4 19 4077
98 46 4078
136 78 4079
20 86 4080
23 4 4081
110 34 4082
64 82 4083
35 120 4084
25 116 4085
126 85 4086
114 1 4087
97 134 4088
97 116 4089
13 59 4090
96 117 4091
149 43 4092
5 65 4093
52 14 4094
24 74 4095
29 143 4096
43 72 4097
23 107 4098
143 54 4099
63 91 4100
69 113 4101
139 55 4102
12 12 4103
16 131 4104
5 126 4105
141 11 4106
67 40 4107
106 131 4108
98 69 4109
89 111 4110
35 97 4111
116 5 4112
95 27 4113
29 61 4114
56 145 4115
91 70 4116
89 52 4117
101 65 4118
104 80 4119
139 28 4120
109 12 4121
7 16 4122
81 78 4123
104 118 4124
105 134 4125
58 78 4126
147 87 4127
63 48 4128
136 70 4129
12 36 4130
79 15 4131
42 47 4132
50 105 4133
50 15 4134
86 35 4135
23 72 4136
106 88 4137
46 43 4138
26 98 4139
14 9 4140
64 47 4141
104 43 4142
2 143 4143
103 101 4144
118 28 4145
41 113 4146
80 122 4147
115 15 4148
62 137 4149
31 43 4150
132 131 4151
19 141 4152
56 63 4153
86 80 4154
26 12 4155
62 70 4156
11 53 4157
106 4 4158
10 60 4159
35 131 4160
63 93 4161
17 106 4162
17 133 4163
113 33 4164
86 24 4165
112 89 4166
84 50 4167
15 71 4168
7 25 4169
58 135 4170
115 76 4171
147 59 4172
35 26 4173
89 60 4174
27 10 4175
26 104 4176
123 18 4177
107 149 4178
108 129 4179
101 53 4180
53 21 4181
57 30 4182
17 40 4183
76 147 4184
16 58 4185
38 86 4186
31 127 4187
144 145 4188
2 150 4189
16 100 4190
145 42 4191
69 12 4192
98 14 4193
92 81 4194
89 15 4195
130 9 4196
135 63 4197
29 66 4198
134 104 4199
107 110 4200
42 38 4201
125 48 4202
8 44 4203
50 99 4204
12 142 4205
11 115 4206
135 4 4207
47 11 4208
123 57 4209
5 92 4210
11 13 4211
9 56 4212
41 42 4213
123 59 4214
127 113 4215
53 55 4216
113 138 4217
57 105 4218
80 120 4219
56 77 4220
49 109 4221
147 45 4222
83 35 4223
51 146 4224
46 134 4225
107 60 4226
40 36 4227
92 20 4228
64 65 4229
69 16 4230
99 144 4231
66 141 4232
116 144 4233
97 111 4234
14 89 4235
107 39 4236
127 87 4237
46 56 4238
96 2 4239
63 83 4240
66 75 4241
148 132 4242
60 25 4243
52 27 4244
125 83 4245
71 58 4246
118 5 4247
42 137 4248
141 14 4249
150 39 4250
42 33 4251
56 112 4252
144 41 4253
100 64 4254
41 21 4255
120 138 4256
29 25 4257
117 92 4258
1 34 4259
138 25 4260
61 58 4261
96 29 4262
38 81 4263
79 80 4264
44 74 4265
142 16 4266
10 130 4267
83 66 4268
96 147 4269
94 69 4270
86 131 4271
3 16 4272
116 119 4273
95 43 4274
43 11 4275
39 15 4276
146 113 4277
146 7 4278
141 102 4279
101 89 4280
129 57 4281
74 124 4282
132 96 4283
1 67 4284
96 146 4285
1 81 4286
67 85 4287
79 7 4288
71 139 4289
5 43 4290
84 99 4291
102 150 4292
131 51 4293
66 93 4294
45 78 4295
7 25 4296
30 62 4297
38 11 4298
4 117 4299
6 21 4300
120 15 4301
18 140 4302
80 131 4303
145 72 4304
4 64 4305
94 16 4306
150 19 4307
47 90 4308
120 150 4309
38 121 4310
82 61 4311
105 116 4312
33 127 4313
135 98 4314
137 52 4315
80 37 4316
128 18 4317
52 90 4318
25 44 4319
134 24 4320
78 49 4321
111 45 4322
53 56 4323
3 109 4324
11 3 4325
76 81 4326
16 132 4327
22 44 4328
40 73 4329
37 7 4330
106 106 4331
78 76 4332
63 44 4333
99 83 4334
49 145 4335
37 98 4336
97 24 4337
87 42 4338
101 100 4339
20 71 4340
39 110 4341
143 146 4342
94 35 4343
97 145 4344
101 147 4345
9 130 4346
121 62 4347
149 71 4348
33 8 4349
94 2 4350
32 132 4351
103 62 4352
70 137 4353
88 47 4354
21 143 4355
41 125 4356
5 140 4357
148 130 4358
128 22 4359
123 4 4360
128 25 4361
122 47 4362
107 48 4363
29 5 4364
128 23 4365
50 118 4366
36 48 4367
107 55 4368
71 12 4369
105 11 4370
19 1 4371
118 108 4372
70 66 4373
3 13 4374
129 62 4375
101 148 4376
140 126 4377
3 39 4378
104 87 4379
30 17 4380
52 145 4381
150 124 4382
87 32 4383
111 104 4384
105 45 4385
70 29 4386
119 119 4387
140 60 4388
15 108 4389
12 112 4390
126 30 4391
58 121 4392
29 48 4393
107 109 4394
102 79 4395
139 64 4396
28 58 4397
69 46 4398
11 132 4399
68 7 4400
144 86 4401
74 79 4402
141 87 4403
54 89 4404
136 15 4405
24 67 4406
110 64 4407
25 53 4408
111 136 4409
91 129 4410
69 55 4411
16 89 4412
58 43 4413
88 66 4414
20 44 4415
43 76 4416
40 75 4417
79 77 4418
9 139 4419
65 125 4420
113 147 4421
141 83 4422
104 115 4423
45 46 4424
28 61 4425
58 73 4426
113 2 4427
126 23 4428
114 89 4429
34 17 4430
18 123 4431
101 148 4432
61 28 4433
40 123 4434
139 21 4435
136 16 4436
21 43 4437
104 6 4438
2 12 4439
29 51 4440
24 37 4441
64 3 4442
34 24 4443
78 68 4444
45 32 4445
150 137 4446
63 70 4447
119 45 4448
95 29 4449
86 105 4450
69 110 4451
53 113 4452
52 68 4453
32 80 4454
41 93 4455
119 144 4456
92 111 4457
76 150 4458
19 102 4459
135 126 4460
103 87 4461
61 66 4462
27 13 4463
83 25 4464
39 34 4465
67 148 4466
34 90 4467
93 5 4468
18 52 4469
50 26 4470
108 127 4471
22 83 4472
73 38 4473
113 113 4474
66 58 4475
72 70 4476
120 95 4477
109 13 4478
33 43 4479
47 99 4480
61 129 4481
126 45 4482
84 123 4483
72 84 4484
121 82 4485
89 144 4486
111 142 4487
61 133 4488
41 116 4489
8 82 4490
126 31 4491
32 76 4492
44 58 4493
29 109 4494
15 61 4495
44 116 4496
40 46 4497
129 44 4498
15 119 4499
68 128 4500
5 143 4501
5 58 4502
1 65 4503
95 107 4504
51 25 4505
96 131 4506
32 134 4507
38 124 4508
57 43 4509
84 4 4510
78 14 4511
62 60 4512
142 28 4513
101 45 4514
145 83 4515
142 132 4516
72 81 4517
29 11 4518
130 93 4519
123 11 4520
75 124 4521
104 68 4522
96 143 4523
100 47 4524
104 125 4525
121 100 4526
5 108 4527
148 119 4528
146 112 4529
74 36 4530
20 12 4531
21 134 4532
112 53 4533
129 133 4534
132 62 4535
89 65 4536
1 44 4537
69 75 4538
66 29 4539
51 31 4540
114 76 4541
65 19 4542
113 65 4543
103 99 4544
130 29 4545
101 106 4546
36 148 4547
83 86 4548
60 142 4549
118 120 4550
41 109 4551
6 96 4552
15 68 4553
131 67 4554
87 91 4555
67 29 4556
31 61 4557
147 121 4558
69 98 4559
72 78 4560
88 25 4561
13 148 4562
21 114 4563
14 11 4564
136 114 4565
48 45 4566
87 6 4567
80 66 4568
1 119 4569
123 131 4570
118 5 4571
81 119 4572
66 89 4573
8 135 4574
53 16 4575
90 119 4576
80 70 4577
43 142 4578
67 75 4579
61 53 4580
122 142 4581
60 27 4582
137 34 4583
124 5 4584
127 131 4585
119 73 4586
57 10 4587
67 143 4588
61 2 4589
142 40 4590
82 38 4591
114 55 4592
97 131 4593
106 20 4594
120 109 4595
7 42 4596
70 78 4597
5 126 4598
19 120 4599
60 51 4600
110 88 4601
67 19 4602
9 5 4603
55 136 4604
88 130 4605
68 42 4606
98 32 4607
128 140 4608
97 87 4609
84 102 4610
105 103 4611
48 11 4612
44 89 4613
122 36 4614
46 101 4615
97 55 4616
98 13 4617
136 114 4618
16 84 4619
47 64 4620
107 22 4621
65 9 4622
32 89 4623
21 14 4624
53 142 4625
84 59 4626
126 43 4627
145 63 4628
10 114 4629
142 6 4630
31 141 4631
38 60 4632
104 127 4633
141 76 4634
2 71 4635
92 82 4636
22 81 4637
50 50 4638
28 14 4639
121 135 4640
4 33 4641
140 103 4642
77 56 4643
143 122 4644
14 93 4645
89 4 4646
130 2 4647
41 26 4648
111 62 4649
132 21 4650
73 135 4651
140 130 4652
104 94 4653
32 61 4654
13 107 4655
35 32 4656
38 105 4657
24 108 4658
126 133 4659
87 44 4660
86 123 4661
22 100 4662
57 74 4663
5 103 4664
29 61 4665
101 88 4666
67 119 4667
118 20 4668
141 5 4669
26 54 4670
43 112 4671
107 122 4672
41 114 4673
83 25 4674
13 24 4675
84 11 4676
36 148 4677
77 2 4678
100 121 4679
36 73 4680
70 129 4681
35 53 4682
86 48 4683
143 31 4684
18 140 4685
57 114 4686
97 118 4687
122 58 4688
15 113 4689
38 137 4690
107 42 4691
46 137 4692
109 41 4693
100 119 4694
119 105 4695
51 71 4696
126 64 4697
24 25 4698
86 57 4699
21 99 4700
54 83 4701
102 145 4702
143 10 4703
141 75 4704
46 149 4705
48 68 4706
127 146 4707
39 57 4708
13 65 4709
22 133 4710
85 2 4711
104 125 4712
91 29 4713
15 122 4714
83 108 4715
120 24 4716
99 149 4717
52 53 4718
6 101 4719
62 18 4720
133 62 4721
136 72 4722
141 54 4723
62 8 4724
126 84 4725
88 28 4726
70 76 4727
72 41 4728
72 45 4729
115 124 4730
112 111 4731
110 82 4732
18 146 4733
51 149 4734
6 77 4735
110 14 4736
41 57 4737
42 30 4738
82 46 4739
129 34 4740
84 69 4741
110 139 4742
27 107 4743
26 50 4744
11 62 4745
137 38 4746
5 35 4747
87 98 4748
28 42 4749
100 94 4750
32 26 4751
131 26 4752
54 115 4753
48 20 4754
66 133 4755
131 29 4756
97 39 4757
128 55 4758
94 38 4759
91 135 4760
79 108 4761
150 54 4762
93 95 4763
122 35 4764
110 5 4765
60 8 4766
84 78 4767
150 73 4768
1 10 4769
132 112 4770
91 83 4771
3 22 4772
2 120 4773
123 56 4774
138 36 4775
68 132 4776
148 126 4777
65 82 4778
111 115 4779
108 59 4780
107 10 4781
30 41 4782
116 105 4783
111 77 4784
146 31 4785
3 124 4786
37 128 4787
48 17 4788
2 39 4789
15 16 4790
45 63 4791
16 63 4792
71 150 4793
35 51 4794
83 18 4795
64 22 4796
135 95 4797
119 67 4798
124 13 4799
135 110 4800
15 10 4801
37 111 4802
34 44 4803
149 14 4804
69 63 4805
113 22 4806
48 48 4807
66 103 4808
136 140 4809
83 63 4810
109 1 4811
132 130 4812
19 74 4813
6 126 4814
112 64 4815
115 133 4816
86 107 4817
44 136 4818
94 2 4819
107 56 4820
88 20 4821
121 58 4822
27 40 4823
90 98 4824
112 56 4825
79 18 4826
32 74 4827
127 56 4828
87 143 4829
48 49 4830
127 84 4831
134 28 4832
3 12 4833
46 78 4834
125 136 4835
67 103 4836
25 20 4837
149 128 4838
47 41 4839
1 98 4840
63 1 4841
74 43 4842
28 128 4843
72 115 4844
79 41 4845
91 67 4846
30 43 4847
19 109 4848
91 24 4849
85 50 4850
122 39 4851
133 18 4852
48 116 4853
10 91 4854
40 40 4855
138 85 4856
40 21 4857
104 25 4858
4 110 4859
16 21 4860
5 133 4861
138 148 4862
71 74 4863
20 147 4864
124 3 4865
12 109 4866
27 150 4867
96 117 4868
23 55 4869
131 61 4870
67 43 4871
76 148 4872
77 9 4873
103 132 4874
106 148 4875
12 74 4876
37 82 4877
134 98 4878
93 2 4879
74 48 4880
41 23 4881
35 124 4882
145 53 4883
105 2 4884
46 114 4885
124 100 4886
122 101 4887
34 78 4888
71 84 4889
52 126 4890
87 32 4891
140 96 4892
99 94 4893
44 74 4894
108 34 4895
11 139 4896
65 101 4897
5 38 4898
35 59 4899
35 14 4900
115 128 4901
143 143 4902
17 21 4903
121 6 4904
132 62 4905
120 79 4906
5 47 4907
99 44 4908
127 3 4909
129 20 4910
24 150 4911
4 14 4912
100 84 4913
25 62 4914
117 43 4915
51 29 4916
76 147 4917
37 144 4918
110 9 4919
54 73 4920
44 138 4921
115 25 4922
114 138 4923
135 14 4924
109 22 4925
70 36 4926
135 46 4927
131 107 4928
66 62 4929
44 30 4930
97 103 4931
72 141 4932
74 95 4933
72 144 4934
59 84 4935
123 84 4936
63 79 4937
56 6 4938
100 146 4939
48 16 4940
114 126 4941
8 51 4942
113 145 4943
143 119 4944
149 54 4945
31 42 4946
10 40 4947
129 33 4948
85 15 4949
43 139 4950
54 89 4951
141 126 4952
37 71 4953
149 4 4954
36 21 4955
43 21 4956
110 83 4957
22 125 4958
85 80 4959
149 22 4960
33 73 4961
115 67 4962
59 107 4963
7 73 4964
18 54 4965
1 73 4966
103 130 4967
46 54 4968
54 25 4969
78 114 4970
52 130 4971
5 12 4972
149 108 4973
119 144 4974
85 48 4975
135 142 4976
119 143 4977
131 150 4978
128 42 4979
68 133 4980
134 138 4981
3 131 4982
93 126 4983
52 11 4984
26 78 4985
62 137 4986
67 60 4987
87 15 4988
127 124 4989
41 85 4990
4 69 4991
88 54 4992
56 135 4993
6 16 4994
102 92 4995
111 20 4996
103 94 4997
48 149 4998
12 38 4999
42 111 5000
34 60 92
54 38 2449
41 79 146
92 44 79
124 47 108
78 30 77
141 51 101
97 72 112
11 25 8
8 79 145
96 76 2
84 94 1794
72 7 56
19 144 71
147 12 149
144 75 145
24 140 128
109 118 53
39 110 107
110 107 119
100 104 3980
121 128 12
102 12 34
48 97 113
39 54 122
42 41 103
27 7 3158
25 24 102
114 58 4790
83 70 146
117 33 76
121 129 264
114 66 12
51 22 140
59 5 15
138 7 45
23 131 148
41 61 69
27 94 44
133 49 132
16 113 64
67 135 41
90 119 122
116 36 29
118 1 64
22 27 91
41 82 88
102 37 47
119 148 64
79 144 18
82 96 102
52 27 31
39 51 79
28 15 105
10 43 110
111 15 4258
136 68 110
102 109 12
72 6 15
94 82 35
22 82 1
104 75 19
23 67 106
141 51 39
90 100 135
141 119 147
121 3 135
49 141 68
108 136 35
64 75 8
111 90 2360
73 107 4089
106 109 53
106 43 47
64 60 132
13 50 40
113 53 138
117 22 1011
12 10 100
136 73 85
73 146 12
84 39 918
74 141 113
126 33 29
92 78 2398
108 126 32
71 115 107
10 114 133
133 103 4304
83 1 48
2 26 46
129 44 91
110 11 4801
44 65 111
42 47 75
87 65 143
121 2 77
140 126 7
105 46 101
111 47 136
20 68 3681
86 20 67
3 132 113
148 146 390
141 21 123
143 132 115
60 77 65
129 117 120
67 88 42
122 79 3083
117 134 150
97 13 27
46 43 118
7 105 6
126 121 102
84 27 32
120 97 4932
95 94 131
29 37 124
29 143 28
38 84 87
73 34 83
11 39 64
50 125 26
4 69 119
87 42 4326
69 94 2811
97 16 64
66 148 4835
1 129 110
2 146 97
91 5 73
69 137 134
142 49 116
127 44 17
44 148 53
49 126 136
64 104 36
42 140 35
96 136 108
140 17 7
123 130 1317
34 31 132
121 58 149
130 77 13
102 140 142
80 7 21
145 58 81
148 30 16
23 2 109
92 133 141
102 86 34
12 1 1702
120 89 3825
75 139 100
73 75 246
30 98 41
36 104 4
146 1 13
20 22 3658
87 10 105
42 142 96
74 58 86
59 149 2850
33 49 42
32 108 14
64 1 4
129 81 21
4 61 76
51 139 133
66 127 88
118 9 140
42 62 45
6 125 33
106 41 79
126 109 138
36 8 4364
20 10 97
47 45 146
77 40 16
102 35 3660
62 100 70
3 144 720
49 141 3
148 11 35
12 84 45
20 148 120
118 94 57
114 90 110
73 35 67
32 42 129
141 133 31
43 100 1388
148 115 4969
80 106 32
14 145 2507
85 96 35
23 64 3265
105 111 120
21 9 83
84 38 38
126 89 44
110 144 438
45 17 110
83 80 140
104 78 87
76 122 37
98 146 117
58 128 131
95 31 3974
3 124 61
99 91 42
61 88 114
95 103 103
108 97 13
21 142 127
4 92 128
15 50 99
40 92 3819
19 82 47
118 50 91
69 83 55
71 23 40
80 30 121
11 122 4310
121 131 1887
130 99 49
10 58 15
73 52 2011
136 1 2442
142 114 29
6 132 75
67 62 86
103 51 93
66 83 136
96 127 18
55 132 5
68 74 167
4 82 3457
38 70 8
3 75 1263
60 69 83
73 134 28
127 111 146
50 129 106
8 27 150
82 112 96
19 137 93
110 32 117
81 140 76
29 11 128
146 22 72
133 122 134
140 32 3572
7 122 92
53 147 102
17 1 5
77 55 105
133 77 33
114 75 30
20 59 50
21 17 33
70 36 145
84 50 54
127 124 1
71 111 150
130 118 58
23 37 58
36 72 1086
2 130 65
150 29 115
12 13 1
17 127 91
5 58 76
71 100 3162
148 14 204
63 67 104
120 105 4114
51 149 21
95 28 109
106 124 13
80 82 148
45 81 863
47 112 106
86 147 600
6 48 58
116 78 99
130 1 112
138 30 103
105 55 2543
133 67 84
110 40 126
72 41 4650
13 129 79
16 67 50
9 45 145
42 150 4381
79 66 88
126 141 69
59 82 148
36 111 14
88 110 33
124 3 494
75 94 18
42 72 4079
127 14 45
136 64 128
80 68 53
125 57 3368
97 55 17
141 150 64
101 95 12
72 140 113
128 29 105
132 124 19
10 35 69
139 131 137
1 147 103
74 148 474
146 24 125
15 131 102
19 145 92
25 25 30
119 73 142
103 4 41
65 37 16
104 97 90
13 85 2616
54 131 106
63 150 148
32 108 119
40 25 32
147 38 5
130 32 31
119 31 77
9 75 113
89 120 40
63 36 11
80 51 106
74 37 49
14 93 66
27 42 4016
14 88 109
103 90 4976
30 141 1617
27 12 119
34 84 27
101 141 85
82 66 92
77 45 11
75 142 1819
100 47 144
28 66 3063
140 43 42
83 142 121
141 72 132
122 76 89
127 72 71
80 69 147
81 84 10
9 140 74
59 79 50
40 129 36
34 136 78
147 129 4822
79 60 4843
28 69 40
18 7 762
84 45 123
81 124 145
96 33 76
114 107 1629
123 97 108
26 14 117
96 72 36
6 143 139
127 65 103
97 99 62
109 1 103
90 30 142
145 93 47
118 57 90
95 17 143
130 122 127
36 71 54
134 132 97
134 8 103
26 20 4735
59 113 88
16 18 128
136 107 36
51 10 1098
13 103 65
31 19 4486
128 92 2
27 28 43
60 91 61
118 62 79
129 90 16
102 9 84
52 71 1042
132 9 89
26 103 1918
37 42 37
78 63 3444
45 122 41
144 58 125
43 74 39
6 122 4303
4 104 106
19 65 1460
112 134 64
50 70 67
144 51 76
29 112 3064
3 148 145
130 140 4
22 59 47
72 18 90
127 50 125
73 121 22
121 109 46
31 86 101
72 77 134
61 11 77
69 136 3958
38 93 1900
19 118 502
32 149 621
51 120 9
97 38 37
97 143 4270
71 40 42
86 75 14
49 3 115
144 123 74
40 63 2820
120 16 96
122 73 24
48 95 117
57 87 32
150 27 108
40 2 11
84 135 138
95 56 2346
39 110 327
1 5 10
86 107 104
90 31 93
136 60 64
24 60 46
64 60 90
106 79 121
106 76 79
28 114 75
62 103 25
15 87 108
55 77 57
48 102 6
146 90 23
74 75 32
128 34 125
125 35 150
4 10 442
69 108 40
58 38 91
141 72 46
51 88 131
102 91 36
120 93 85
5 90 13
91 108 145
60 32 51
105 35 106
66 2 72
8 70 54
70 57 117
137 100 115
138 34 2112
149 49 2678
7 134 87
47 149 88
114 25 84
136 102 37
86 141 97
74 69 18
33 81 4
75 70 146
116 107 88
107 64 3506
132 79 53
26 143 82
58 80 93
85 36 11
41 25 17
107 42 122
2 35 132
2 132 112
59 36 27
45 82 130
122 2 2
79 122 32
137 133 41
6 11 28
23 100 128
135 145 107
87 91 56
86 83 3
137 147 2094
91 119 62
102 77 18
27 23 137
40 57 148
21 126 74
5 89 3888
111 74 20
105 82 16
128 37 33
91 95 138
43 110 115
74 62 98
11 58 143
36 130 5
27 108 133
63 88 82
90 76 45
37 130 53
25 126 82
85 45 99
19 5 98
149 84 120
44 73 112
111 87 136
99 67 26
58 12 1921
12 6 40
108 65 123
110 3 65
133 9 76
102 143 137
5 4 92
69 33 140
33 105 3909
19 13 37
51 107 124
10 142 4260
55 143 103
42 110 1746
22 44 26
68 64 3915
97 114 5
20 41 57
49 94 134
103 61 41
102 133 44
67 105 16
17 106 148
111 86 111
91 8 2773
126 106 62
40 144 22
60 41 70
4 94 123
117 111 78
148 40 66
64 147 7
98 65 83
110 74 101
105 1 604
64 62 138
30 14 98
108 82 48
133 97 122
38 144 139
43 61 99
113 68 102
117 45 12
117 76 137
9 143 11
81 40 103
149 101 2539
79 99 136
107 96 19
6 145 111
51 58 45
115 21 73
90 126 148
132 129 85
94 42 71
99 84 69
28 136 107
96 33 52
96 91 47
11 38 4952
50 105 3434
30 110 140
105 83 24
143 92 10
83 19 25
134 114 103
93 50 150
31 121 130
136 146 3
24 100 24
83 106 2484
100 32 3381
26 69 101
76 20 20
111 93 112
142 82 109
141 48 1108
145 133 97
45 95 353
114 74 1019
84 148 130
137 104 31
90 98 61
1 90 109
42 1 118
72 65 98
72 53 149
73 84 4739
41 102 120
85 25 39
45 44 24
123 80 132
112 75 33
70 38 149
129 142 74
4 67 113
139 147 13
4 110 115
15 137 4640
31 126 63
113 49 68
148 29 121
95 36 125
57 149 56
40 72 31
125 68 65
113 109 135
120 106 116
46 34 58
70 4 135
20 32 384
123 6 34
87 12 84
113 36 24
26 137 30
11 147 91
4 82 148
23 47 3009
43 50 2731
1 104 127
108 15 91
79 65 428
47 62 81
48 115 3334
4 111 17
88 27 79
13 139 80
48 76 51
91 91 23
4 110 45
97 34 824
98 148 27
19 145 95
18 138 27
17 111 25
93 143 368
130 123 3202
98 114 2907
132 83 1897
3 16 30
150 74 43
6 137 121
84 122 94
141 61 54
76 13 145
69 5 146
19 98 100
30 60 39
100 29 1921
53 56 107
85 119 1195
51 76 39
121 51 36
147 133 145
31 1 1817
119 146 147
15 23 4869
68 127 4735
147 136 38
145 66 132
135 42 625
67 98 98
133 34 98
34 150 112
116 92 47
150 39 2466
103 91 4931
78 30 4907
38 18 128
144 139 52
28 77 78
43 44 91
130 42 77
88 80 3462
96 71 2113
53 105 38
111 109 127
75 129 86
79 43 133
11 130 3694
8 30 15
80 141 67
58 21 40
109 32 81
126 32 16
55 130 76
87 3 63
140 51 124
25 150 333
79 88 1025
10 69 998
111 134 78
96 109 2645
16 40 30
131 61 2994
23 50 121
12 66 51
14 1 76
119 63 75
46 126 3095
123 95 1123
98 125 24
42 27 1108
125 140 22
96 129 2506
86 31 96
68 89 1275
95 5 88
84 122 3976
48 22 116
148 127 127
54 5 61
70 45 4130
22 54 125
54 49 78
126 122 110
30 66 49
22 107 11
144 142 97
62 133 4607
23 150 93
121 124 1836
62 68 106
116 134 142
100 30 49
81 2 47
103 107 59
16 29 78
119 107 59
126 88 113
19 7 72
31 65 4
47 82 100
112 108 62
104 76 84
49 87 75
107 61 12
67 27 47
91 114 74
16 143 145
122 146 92
56 20 75
4 123 148
113 1 28
114 30 130
15 76 39
1 139 44
135 64 11
108 29 114
34 44 72
76 42 86
68 40 117
41 48 61
99 52 5
14 70 76
43 81 34
109 65 35
100 100 54
57 29 72
117 104 140
45 91 34
24 118 3383
101 78 16
53 95 92
18 100 3175
21 83 138
73 67 6
68 50 109
139 29 59
99 65 36
93 56 76
55 100 3513
120 3 139
3 119 20
39 93 3590
2 52 119
32 13 62
59 38 95
141 120 30
90 22 94
92 29 91
91 142 1667
111 145 2261
112 88 93
68 104 1252
79 74 26
106 134 72
78 5 7
99 88 1065
57 18 41
4 35 15
59 125 111
66 140 21
74 73 42
6 50 240
146 68 45
80 24 4679
110 20 1605
40 72 3
66 129 146
5 57 93
17 43 35
16 57 1911
26 28 1
120 19 3045
53 137 87
31 42 88
111 106 54
102 114 56
140 60 119
34 81 103
91 95 11
121 107 27
29 83 1915
109 143 4450
145 61 9
66 139 113
62 103 86
117 118 107
90 57 83
128 58 5
35 104 4013
105 132 103
94 41 81
144 62 4954
128 4 60
111 65 8
44 14 4921
127 114 2608
81 50 3373
85 85 4205
146 24 58
129 118 63
41 81 101
87 55 27
32 94 61
31 1 3710
28 124 101
72 111 70
36 28 142
66 61 9
26 41 97
140 148 1361
92 68 4
88 69 23
149 68 107
81 42 120
50 125 36
92 29 124
34 39 22
72 12 98
113 105 119
7 98 203
89 124 108
68 80 115
92 101 72
105 101 928
88 41 47
142 46 135
68 17 124
135 109 76
150 5 112
81 110 3028
108 135 17
38 88 99
20 9 72
100 28 54
94 12 66
48 59 3880
78 144 1719
21 8 99
17 122 120
134 42 103
85 126 5
19 42 134
58 105 11
39 24 55
53 145 65
35 134 116
81 78 45
110 31 19
146 150 42
33 110 123
99 14 139
96 82 54
135 112 68
55 117 133
101 5 106
75 79 124
106 85 5
93 69 2532
32 93 2212
148 34 46
5 71 128
23 59 2
137 27 45
8 76 82
8 42 322
64 65 2740
26 31 24
63 82 69
121 84 59
108 10 9
86 117 2444
116 85 84
3 121 2661
49 110 103
8 74 56
98 80 3506
42 147 61
64 111 70
39 4 2028
95 37 724
150 50 119
107 34 114
150 100 96
56 119 39
25 66 13
6 4 3
59 70 55
30 104 8
98 36 58
58 43 4149
107 108 21
75 81 102
13 93 27
5 86 7
35 15 4401
84 120 126
86 67 22
57 74 4165
81 85 2508
136 28 4359
75 88 114
56 55 44
129 29 87
72 78 52
80 20 90
104 70 4714
46 139 91
11 127 1190
102 125 85
96 129 145
108 1 5
23 72 23
47 7 22
141 10 2685
149 10 80
95 18 124
111 20 4166
1 113 107
82 27 9
82 134 1375
52 26 3244
127 124 33
95 78 77
108 56 139
91 109 1215
36 117 90
54 35 69
90 97 45
10 64 112
103 130 127
62 108 452
77 5 96
76 125 55
