50 10
591142706 461573722
50458717 748300686
-237986268 -711240139
51668909 748218099
660936010 -354490607
435609123 610528207
309422283 683196787
492386034 -565734914
-643020307 386037413
-645373678 -382090062
413800633 625515016
-282255763 694860910
-251653049 706520164
-7455612 749962941
-214982387 718528060
49400557 748371288
-570537641 -486812900
104940746 742622003
-157846405 -733201549
-383897373 644300246
215967249 -718232655
631957780 403892763
545044029 -515196085
590888832 461898677
294346077 -689826345
-585268951 -468999205
-273393192 -698395419
205882931 -721188060
258210106 -704150226
17381201 749798568
-718477074 -215152722
-202798611 722061440
-171199125 730199191
-170587774 -730342256
721070986 -206292591
673072957 -330866732
-313880860 -681159897
-168886556 -730737525
692835419 -287191716
193870478 -724509653
-244017978 -709193363
168279976 -730877451
602808467 446230828
257124771 -704547267
533486495 -527154777
-196013150 -723932900
111840638 741614233
-51194841 748250685
20895413 -749708864
284943163 -693763211
854185643 -283490541
329041613 837694226
-753668907 491917857
-828806141 -350828135
-129222117 -890674825
882302428 177601873
93411692 895139238
774102817 -459091307
-699466554 566344894
335496355 -835130047
