100 10
162611051 -732159576
519198924 541232369
229602067 713990819
3318144 -749992659
-164411075 731757472
185957229 -726580972
709991973 -241684501
539420828 -521080771
-477042243 578731974
687739835 299188768
150917772 -734658986
-116950299 740825639
-57759446 747772590
158948658 732963385
-123691607 -739729941
732763289 159868578
709556139 242961078
-465791887 587824734
383226961 644699229
674545525 327854136
23115438 749643699
164395089 -731761063
92342536 744293528
23857355 -749620455
-629626380 -407517633
516297522 544000798
615738185 428213133
245339128 -708737407
687538483 -299651187
65010225 -747177134
-96946209 -743707894
-42207641 -748811401
443058127 605144194
327868811 -674538392
223663836 715873234
-92912395 744222605
-11870413 749906056
48980796 -748398878
-480864392 575560106
-287890154 -692545492
41922522 -748827418
362107266 -656793976
92322418 -744296023
-85061397 -745160760
245473252 -708690964
-101290329 -743128703
97499431 743635569
41519400 748849877
606843671 -440727533
-229960319 -713875515
469425523 584927070
-107768320 -742216942
221622496 -716507829
-208915696 -720315369
-265163109 -701561490
-528219706 -532432101
328519020 -674221961
-294303210 689844635
215143367 -718479875
-577652147 478349241
-164695721 731693460
581823210 473267104
709658665 -242661449
298424584 -688071775
83846467 745298443
612226091 -433219590
552137559 507586560
-105546774 -742536112
-632787367 -402591788
-255550509 705119803
-298055261 -688231836
52241146 748178362
214600579 -718642185
169005099 -730710117
36786569 749097288
-304181137 -685546377
-46483267 748558151
312530338 681780600
-54651368 748006168
-712569336 -233976369
220145684 716962954
-99163984 743415431
440378310 -607097145
435630092 610513245
-586278755 467736273
660668465 -354988984
145339058 735782955
-204302442 721637382
138497374 737101402
157896195 -733190828
117983095 740661858
-308765295 683493959
-147709681 735310716
-33671363 749243778
-216850467 -717966485
-425355960 -617715393
546289737 513875007
102191917 743005257
639580674 391709792
58062498 747749119
62446803 -897830939
-285620286 853475865
83572899 896111360
-820507722 -369820332
104103101 -893958916
764579892 -474781622
-8867665 899956312
-893634317 106853673
819652339 371712312
-122491532 -891625383
