100 100
55776061 -893260337
-616663799 -648653034
109339001 -888296112
-238525422 -862630061
14643594 894880195
-661544312 -602813506
238564051 -862619379
-839099992 -311345793
741376091 501384574
-630348154 635363049
747644368 491988718
367755371 -815954034
-80096575 -891408738
22967771 -894705248
272466973 -852517887
-116400162 -887398446
623531073 642054515
77806521 891611543
115384871 887531031
498185661 -743529452
-538668911 714745272
684791407 -576268799
-85647772 -890892507
-108034999 888455648
324742678 834006710
519611292 728717438
421222376 789681397
151848653 882024368
619851778 -645607290
-399115035 801081886
135448504 -884691303
-285742589 -848160464
-8975170 -894954996
194422539 873627424
-192568378 -874037996
-2737347 -894995813
-526853153 -723498966
-38708167 -894162556
-241833690 861708457
-20672477 -894761224
-276196653 851316867
-461504494 -766836750
-4325765 894989546
-87834119 -890679609
4114226 -894990543
-375456859 -812439011
660869992 -603552693
730738239 -516765542
15223103 894870525
431819821 783936631
331339633 -831407870
701049218 556376665
-305920159 841093250
-112080640 887954351
116213772 -887422875
-512039436 734057638
-698489056 559587382
-189648304 874676237
-114688358 -887621304
-245573274 -860650200
-80403982 -891381063
-356706524 -820844355
-273848940 -852074972
581148714 680654958
118469560 887124547
792128095 416603025
-522876108 -726378397
782684665 -434084917
-23091817 -894702055
-146840280 882871979
-13509042 -894898042
-85275587 890928209
-83774575 -891070603
153325155 -881768902
116865739 887337252
-156782213 -881160789
-549517590 -706438545
210690013 -869847525
-83709957 891076676
577200894 684005941
-690538285 569369719
740425954 502786641
400111499 -800584654
-406545192 797336821
-721350143 529791441
279355025 -850285699
774069708 -449267278
286535042 -847893076
-682320666 579192117
-623737478 -641854000
-269751669 -853380944
248773321 -859730675
574007883 -686687665
-342186141 -827002808
-663021425 -601188481
-27299897 -894583543
-491398558 748032390
-278974197 -850410722
132965103 -885067952
447095888 -775325910
757949794 485295899
466523626 -769646481
-12616795 899911560
-150281290 -887364374
-86249250 -895857726
260102169 861595532
-832967266 -340830652
590713508 679012188
-212187820 874629252
619086431 -653247266
-73657074 896980844
-209352797 875312176
250325004 864486779
120367832 891914561
428145207 791638605
168271023 -884129437
-459549073 773831150
-665939427 605412817
733209502 -521923199
158959386 885850954
24602310 -899663674
-764847132 474350993
634180820 -638603701
-715046232 -546542666
-237802873 -868014857
-372427872 819327456
-514410695 -738499584
789182825 432655138
-338577846 -833885509
-819285708 -372519702
-381796515 -815003939
-444568455 -782533634
868468172 236141978
-477017533 763186918
-3019733 -899994933
-784418098 441234911
-584436294 684422543
261094864 861295229
111656970 -893046875
690905636 576757663
887940594 -146838351
-543778274 717150743
394705200 -808831135
180856925 -881640954
-590431709 679257239
214646544 874029096
700660083 564867637
-539922456 -720058151
-342623571 -832231391
-36093111 899275979
100012352 894425809
-161651666 -885363619
621116898 651316972
-629884019 -642842222
240645957 -867230951
50604105 -898576220
-788862807 433238354
464141859 -771085166
-113301614 -892839708
735362169 -518885806
-303372223 -847328327
282354659 854561786
480847848 -760779433
-255056288 863102711
-98044519 -894643656
16323089 899851963
791293728 -428782271
-736283450 517577705
-774184155 -458954130
168078920 884165977
-385637828 -813193375
-110923269 -893138303
177657065 882291316
-1442918 -899998843
779557311 -449767049
-145441790 -888170414
-385481374 813267551
487586952 756477999
429133633 -791103232
-101387873 894270931
118938439 892106298
554042635 709250843
-233504948 869180901
-295791275 -850004424
72712816 -897057883
235558284 -868626671
-448075463 780530831
-56593562 898218886
-1810663 899998178
-634169320 638615121
-818557030 -374118147
-240791851 -867190454
-134146489 889946470
832407612 342195218
715338430 -546160169
-432189594 -789437872
-895010867 -94633756
-174957797 -882830543
341367100 -832747562
-385798500 813117160
