100 300
-564593932 -699596092
-485767124 -756459715
-661418879 608872783
-136664345 -888551549
617586449 653290117
-867573042 -235622615
778241236 -450046196
21560980 898741411
-26442945 898611023
-3759640 -898992138
384158771 812787203
670216125 599175555
473614441 764127189
103735588 892994920
386697480 811582441
-555881938 706538230
-783231638 -441303978
-526784177 728491201
-512762112 738428071
600675151 668872456
-276306452 -855485677
-463850590 770093260
-516517896 -735805859
-888524338 136841151
-153716017 -885760907
-120099974 890941634
313530445 -842555434
624600759 646587110
-608985978 661314659
874512071 208397787
115167805 -891592606
-417105756 -796381685
-562528828 -701257668
-718988415 539681998
562642052 -701166828
264025309 -859355360
343562244 -830762291
-161496137 -884375484
713829391 -546487511
760979000 478656412
550245086 710936948
12593220 898911792
-325024780 838188458
-14199978 -898887846
-36726872 -898249484
-271281355 857092425
159725351 884697017
217420719 -872312576
542156607 -717124266
259145853 -860839373
-175548749 -881693618
-269656324 -857605076
-157179232 -885152918
-3077494 898994732
332114987 -835404474
-204442791 875445112
-500788423 -746600264
-569674514 695465274
51575471 897519342
250497237 -863395699
-885560962 154863754
-577862256 -688677147
300171077 -847406823
-66595657 -896529987
824866014 357487145
129360683 889644206
-326666906 837549838
-149913347 -886412425
141648616 -887770617
-43955362 897924788
118652123 -891135609
496160958 749683469
201798892 -876058335
544989937 714973404
736843638 515036360
60408439 896968126
-427001080 -791120141
-319960820 -840134556
828033431 -350088041
86897389 894790390
77520793 895651453
-76046346 -895777848
-380584875 -814466790
-148672346 -886621414
-533894108 -723296675
151922959 886070208
-658539935 611985419
-228909501 -869368414
-561391245 -702168690
-477458207 761731357
-41053921 898062122
855351507 -276721519
-65512891 -896609759
-707621273 554502600
798855197 412348607
-213418456 873300385
26195697 -898618264
-356983321 825084182
-238712768 866727877
347860361 -828971754
309759484 845014237
7566460 899968193
1121400 899999301
679802597 589803720
876952811 -202370371
-369209054 -820782964
-831125617 345297275
288664358 -852451106
843285513 314435277
-266549662 859622753
-153681176 886781876
193749451 878897690
760947172 480582356
-168035928 884174149
-339347994 833572395
267095185 -859453408
-605233993 666101954
377646313 816935286
-707270245 556568774
441681780 -784166567
-82856517 -896177882
-759226733 483295735
42992421 -898972553
845441202 -308592245
44624676 898893007
206855747 -875905645
-822763207 364774869
-861851847 259251603
-62333556 897838809
869082887 233869483
583966200 -684823683
-337820273 834192701
-46710530 898787030
-593232278 -676812724
649522086 -622993627
-791759532 427921538
176522459 882519020
-575800845 -691703250
-893057277 111573742
-178954422 882029089
859235915 267794029
-127889097 -890867206
-47080554 -898767723
542057995 -718451898
717509600 543304678
30697575 899476324
-337090202 -834487984
629169769 -643541297
118596455 -892151826
-522248644 -732977730
763525243 476475816
-322779084 840127170
439807213 -785219469
-357981181 825741772
-866803001 -242182900
-774330994 -458706345
-571261119 -695457212
-166017647 -884555335
-656983361 615120202
243202264 -866517546
-681677161 587636152
433951415 -788470779
573937473 693250154
673456057 -597040148
-173575609 883103339
569408690 696974708
548040741 713898694
-311952917 -844206951
-170098108 883779742
107831933 893516801
134116122 889951046
-284876071 -853724559
-223053246 -871921584
-94431093 -895032272
-793418125 -424838415
437035116 786765725
594540109 675664161
-201966903 877045819
-659030827 612926071
-539977122 720017157
448538935 780264585
-602505632 668570836
38716898 899166837
425798853 792903106
828026246 -352664906
-364304589 822971546
-475479518 764146077
-121942035 891700700
320012426 841184906
601915419 -669102255
-586800525 682396617
158649097 -885906577
-558783950 705521436
-142139175 -888704931
-493845914 -752406946
834688867 336592476
-91170337 895370297
126449358 -891072701
-881831156 -179927241
867820318 238511835
84786317 -895997366
55754285 898271373
86972360 895787814
86350456 -895847977
-830684258 346357710
-735500449 518689781
-878011521 -197726500
432311022 -789371382
140370732 -888985971
524943304 731050290
516614606 736959530
-553147452 709949220
790942647 429429539
635258493 -637531683
-65580955 -897607452
230695008 869930924
-822169361 -366111378
-794939870 421984126
-227950357 870654141
-515679126 737614424
-112985223 -892879801
457615688 -774976052
-897401257 -68344596
-640597083 -632167206
-515727781 737580406
10323544 -899940789
-628812549 -643890346
301374317 848040990
-621666873 -650792055
7486444 -899968862
862469141 257190553
-865409993 -247114435
-190177360 -879677538
-436376351 -787131297
-515685382 737610050
-137007787 -889510464
282977335 -854355797
441549135 784241264
412207174 -800053276
7839633 -899965854
-177108091 -882401679
116369690 -892445009
-195028097 -878614842
148667447 -887636181
720365032 539512947
-637217371 635573773
-608111268 -663476213
291064987 851634412
-170568588 -883689061
-592888112 677114234
-409500380 -801442099
-361721593 -824110119
772253364 -462195566
-823635958 362799956
800263063 -411799745
-616483791 -655703999
300906221 -848207195
-55411275 -898292597
190413185 -879626522
700982745 -564467174
787073539 -436480519
229262858 870309451
-775075719 457446860
858515989 270093125
60828676 897942020
-192764754 -879114184
79150806 896512771
90543807 -895433871
475682621 -764019662
-129483902 -890636805
755064540 -489772947
790927445 -429457537
453051451 -777653124
-619312684 -653032770
153265221 -886853861
53876371 898385961
-158847178 885871082
625190714 -647407577
325268990 839166303
86829943 -895801630
769006841 -467577243
-848732355 299421758
231476021 -869723434
213666877 -874269103
-72407059 -897082614
-642944550 -629779569
-580638038 687647779
466132067 769883689
736327589 517514909
-294145278 850575426
537543438 -721835890
439595173 785338197
-162013310 885297513
82328874 896226509
4902986 899986644
326928385 -838521216
-518846889 735389628
415404229 798397975
-136329783 889614630
153072308 -886887179
-83455860 896122268
889723950 -135614500
-44253763 -898911344
-114044730 -892745092
-716598380 -544505979
424224256 -793746672
-155319834 -886496333
-301146192 -848122026
-481077598 760634172
615954202 -656201509
402207914 805126570
-171652852 -883479087
-218398038 -873099248
-505506455 744622873
-152969502 886904916
-625210722 647388255
461745570 -772522510
106124502 893721203
523679973 731955795
743303192 507444937
-496647631 -750560544
743268467 507495798
-881713579 180502533
70907347 -897202400
642334634 630401632
483394634 -759163768
-463461214 771494460
-898117519 58180083
-238822207 -867734955
47328634 898754694
-451216169 778719441
-878256265 -196636550
-102112732 894188453
591594079 678245122
712445051 549929131
678305343 591525030
716048142 545229363
-447978389 -780586550
107571200 -893548228
891721838 -121787370
882806434 175079410
-626283515 -646350492
-50471078 -898583702
-25422098 899640882
414492324 -798871775
-653629613 618682736
111618201 893051721
2466921 899996619
-62441059 -897831339
856176903 -277418656
14673734 -899880370
-27820015 -899569923
-403907434 -804275316
-345814696 830910462
-434368346 788241168
148516705 -887661415
2594950 899996259
-375592300 -817881668
809613250 393098442
-78197181 -896596453
-42861254 -898978816
-179055472 -882008581
756545708 487481888
-119791424 -891992160
832534389 -341886664
325611792 -839033349
-897472388 -67404100
-889888614 -134529753
-199798305 877542384
-707285227 556549735
674045944 596374098
-57975277 898130762
-38722199 -899166609
-672954333 -597605610
-628986867 -643720064
-201767889 877091625
31978212 -899431706
-236266755 868434234
392706980 -809803203
146614864 -887977523
596534612 -673903892
-209942970 875170811
-64998519 897649816
-499570918 748617991
206504565 875988507
192334239 879208473
-554403354 708968914
152377169 -887006876
-691224596 576375361
849373838 297597182
-81193080 896330119
47055757 -898769022
-753037886 492883294
-827360422 -354224126
89955776 895493136
-57500632 -898161275
396729151 -807840318
108552771 893429513
-884456798 166541803
228715694 870453405
