100 400
116854126 -891574872
116316890 -891645120
711491574 -549854871
-421555898 794261458
-367031443 -820882793
151240536 886389835
-19802751 -898981919
890711185 -123264856
568477915 -696701873
-606485863 663879159
-52872490 -897644216
689460863 -577238562
-268379604 858215024
-355844259 825793862
-92951717 894382814
-335738690 -834170349
222232907 871305443
-65216235 -896831914
160948187 884678654
46075862 -898018738
206221133 875233388
-4693083 -899187752
278086651 855118970
-70773625 -896410471
-225063462 -870578588
-680224592 588094502
197786737 877177887
-425912231 791933969
646318692 -625166208
148303975 886885883
-116705003 891594404
356142110 825665451
-187107028 -879517822
-391788157 809359425
-808842068 -392855124
415078106 -797665848
343250051 831107720
-837175983 328172231
136588251 -888765598
-277741593 -855231107
154799805 -885775174
-636166234 -635494423
-230248685 -869221596
-122918487 -890759050
635277073 -636383281
-48343323 -897899528
-577027381 689637616
69164626 -896536053
610778442 -659932068
776153295 -454033812
530043298 -726370939
108142342 -892673441
75571062 896018780
328662419 836983664
-315277664 842116758
-238793137 -866913189
326330849 837895469
73791428 896167096
-92070364 894473972
-802444752 405762319
874893081 -207660147
876619263 200248115
288456388 851676906
-94155039 894256936
-656461804 -614506745
-12494113 -899113194
-259400196 -860971647
-764793755 -472917701
311266148 -843607743
91911239 894490337
-71612361 896343856
-291473282 850649143
171216593 -882748842
203078862 875967816
637427328 -634229486
-775627089 -454932147
-394143166 808215197
742992467 -506480832
51536599 -897721905
-487083972 755850411
24291834 -898871818
-129316531 889852726
569481146 695882076
-440921048 -783676763
347788175 -829218924
129019403 889895855
-125562454 890390201
-236603595 -867513330
731809997 522508151
-623574713 -647854317
-9698840 899147692
-339739674 832548853
7273024 -899170586
-817138008 375294705
-304598190 846038168
-68834689 896561445
-24999604 -898852412
444526790 781637110
422127108 793958024
-51391229 897730238
-19411767 899790633
-78938400 896531499
110159943 893232773
-411827404 800248829
366060310 822192100
397741251 807342490
-485885925 757571691
503584107 745924290
-367084509 821735336
832741965 -341380754
49116810 -898658744
519235990 735114947
358621530 825463868
114456217 892692429
389906467 -811155316
-349693003 -829285718
-771138970 464052463
-496281541 -750802658
544276701 716772539
-617867974 -654399852
-116222186 -892464230
198866478 -877754022
759484198 482891036
665234564 606187244
-489423319 -755291211
-160312178 -885607139
-275873449 -856676041
833778500 -338841279
-188503341 880037777
80803692 896365306
508467541 742604039
-452326144 778075227
-289793530 -852067902
293774906 850703417
886468439 -155478958
-118626808 -892147790
487662987 -756428986
-163154490 885087912
60843802 897940995
759718054 482523034
302465901 847652274
159825671 -885695068
333761869 -835824751
544709066 716444019
-288390508 -852543790
-748249727 -500122331
276571356 856450982
-388121182 -812011051
20279190 -899771501
-373515456 -818832219
232814325 869366142
862409122 -257391737
-375252024 -818037846
63893285 897729161
-304620292 -846880438
-185043216 -880771825
445850591 781803844
-549208397 -713000797
-487370422 -756617520
795100264 -421681835
895305047 -91808892
-11042323 899932256
-803640824 -405168392
-897403300 -68317765
870677935 227859459
-200680086 877341155
363764471 -823210428
139341828 -889147825
284389426 853886792
-589868849 679746085
721196577 -538400870
-123819011 -891442007
122328429 891647775
888470146 143599441
638174754 -634612467
43489886 898948624
-635607087 637184142
73829223 -896966691
514695143 -738301367
-36126739 899274629
-164668035 -884807571
851205883 292315830
-375496350 817925724
450213726 779299429
183555255 881083122
788012701 434782684
4035507 899990952
526603197 729855515
-524086872 731664506
-374344169 -818453690
-150664915 -887299320
-506528493 743928011
820060467 370811044
-804534715 403390496
-519124459 -735193713
692002026 -575441739
436687956 -786958467
716495154 544641803
74718249 896893072
-506377201 744031000
-578247945 -689658838
-620918185 -651506414
-604745465 -666545514
-775906432 -456036411
-127553247 -890915354
-888000191 146477509
-58376 899999998
642884947 -629840412
-74959779 896872918
807872079 396664472
315689795 -842816678
21048937 -899753823
-431575905 789773536
872386680 221227214
183865816 881018366
-108621052 -893421214
363238503 823442645
761742230 -479321160
143014707 -888564456
-96028299 -894862316
472398658 766054507
552495173 -710456954
-624685313 -647895253
-521726163 -733349719
784810687 440536247
-851831140 -290488741
113846831 892770350
-389818064 811197803
883672042 170656737
-784155663 441701138
-857130987 274456683
147104959 887896464
43927058 898927368
-273078179 857571167
170418849 -883717950
569512222 -696890112
-587665090 681652214
-175191484 882784200
-852148478 289556508
749106346 498838332
-502231495 -746835674
267285049 -859394381
138582000 -889266568
375390815 817974165
-16720176 899844673
-453899062 -777158697
-116883875 892377812
43810427 898933060
-662633800 609029102
-1824784 -899998150
-106711684 893651283
520756090 -734038891
-39249053 899143765
26662499 899604975
-47101760 898766612
320483354 841005600
537920508 721554936
-169674510 883861165
425576389 793022532
544416087 -716666675
886220402 -156886580
420535597 795707114
296123711 -849888667
515188078 -737957481
-577209675 690528052
636833565 -635958340
-255919643 -862847110
58430430 -898101266
3610645 -899992757
-14303355 899886333
258438918 862095891
15751521 -899862150
592045213 -677851359
442454564 783730794
821041902 -368632873
-26524407 -899609057
-642207472 -630531175
-686162228 -582392820
-112220671 892976215
-809444826 -393445134
-830040410 347897855
151261450 887197821
-732829350 -522456834
-206900362 -875895107
-46646377 -898790362
61171010 897918764
850682768 293834695
-456561346 775597664
-1463786 899998809
401098681 -805679742
113241515 -892847332
635750015 637041535
-192730602 879121672
-716086924 545178427
-650690339 -621773337
16773119 -899843687
852751542 287775620
655250968 616965289
-594016357 676124668
-348676542 829713606
271140058 -858185917
-74627834 -896900600
651567135 620854466
622774394 -649732294
92700196 895213200
-276512783 856469894
122063421 -891684092
428079919 791673912
82660769 -896195959
512308340 739959569
455128300 776439457
-85412635 895937878
613855901 -658164821
-674409862 -595962530
-680427161 -589083082
781898683 -445684248
-242955431 -866586786
151505378 887156198
-99356658 894498884
409848523 -801264118
-550063498 -712341314
110395749 893203660
362028770 -823975223
-143741000 888447255
-698920019 -567019229
613843500 658176387
58533784 898094536
279264880 855576487
-618819153 653500463
-345106068 -831205029
-222379137 872093756
-367753663 821436085
-64909071 897656288
372940603 -819094198
-169301576 -883932676
423805171 -793970513
12124 -899999999
859911676 -265616094
853091292 -286766887
-159945737 -885673394
-786412099 437671121
122789365 891584416
704567914 559985762
399118653 -806662445
836121361 -333018122
340496515 833103909
-60818781 -897942690
-651864844 620541880
-376508245 817460421
-835699523 334075301
225924708 871181970
733909557 -520938347
305760730 846469359
-766824978 -471146954
-383448427 814228041
695728306 -570930927
5702574 899981933
-130646542 890467001
-52422559 898471966
-782584514 444478884
697519134 568741644
-796949138 -418177081
-499969133 -748352100
495517410 -751307191
206926006 -875889050
199759164 -877551295
-170603395 883682342
-872539598 -220623321
614894916 657194219
-62008809 -897861296
599344845 671405806
-328268420 837997520
875535317 208417630
-86995638 -895785554
-71984249 -897116641
156709440 886251742
-171459766 883516580
-240071681 867390101
233129202 -869281758
370494591 -820203485
-195669620 -878472196
-883078245 -173703233
-441733351 -784137517
-8763904 -899957328
-90662107 -895421901
-760903872 -480650910
-462687044 -771959001
-697891261 -568284953
8926713 -899955728
356948016 826188909
-396252214 -808074367
106620405 893662178
-837183515 330338859
53715728 -898395581
638231083 -634555816
211823397 874717582
-445588430 781953292
471859198 -766386910
40691919 -899079622
375058697 818126502
-59422430 898036176
46997976 898772045
-546076175 -715402551
34227359 -899348924
98362457 -894608756
-42797241 -898981866
-468854808 768228591
-85622563 -895917840
-515719564 737586151
-389845504 -811184617
408737624 801831375
491418131 753994841
-522513412 732789010
-310351688 -844796916
132034683 -890262232
-414267179 -798988550
205648781 -876189807
109440879 -893321159
885029486 163471125
-703892841 560834082
456891702 775403103
-235847315 868548239
-822791263 -364711581
-431260938 789945569
786177098 438093107
832279823 -342505906
22449850 899719958
-70432905 -897239770
-529228374 727954207
132274562 890226622
617270060 -654963871
-558767270 -705534646
55668521 -898276692
-831720391 343862168
78406306 896578190
210260060 875094684
3258318 -899994101
385809917 813111743
-554140745 -709174192
218197224 873149455
543425427 -717418152
-806691967 -399058981
872830607 -219469203
494523848 751961544
31597061 899445176
-208135660 875602390
134597152 889878422
877758648 198846060
20212721 -899772996
455469855 -776239145
861854954 259241274
-193654198 878918683
24253283 899673150
857829175 272266609
-369709848 820557510
-683943679 -584996618
-292864681 851017202
449384336 779777993
564004633 -701354955
624910607 -647677954
206145104 876073168
-271522758 -858064911
-559266201 705139217
3619235 899992722
-351932453 -828337822
-285435320 -853537742
-34136454 -899352379
-857447609 273465898
338587700 833881508
580260225 687966620
-439352331 785474079
-555612814 708021469
3007691 -899994974
-433612160 788657400
836951191 330927037
33474718 899377253
-618801783 -653516911
593074769 -676950750
182123735 -881380136
705515942 558790887
-735300613 -518973032
189475536 879828972
-678415542 -591398640
-794514597 -422784289
-606794369 664680820
-92120092 895273080
396001891 808197068
170815189 -883641426
179287354 -881961475
895579537 -89091486
21954890 899732172
-281468597 854854039
298543547 849041665
-6412236 899977157
151965208 -887077547
-889502978 137056383
-696644561 569812561
-572402089 694518429
145969595 888083823
208260280 875572758
