100 500
782744784 -443182640
8150283 -899463074
75574426 896319561
138564036 888763330
831171381 -343881353
-41580371 898538436
-464466164 770306064
-489218990 -754827814
9049264 -899454479
-196039439 877877433
128556611 890265942
-44583508 898394434
-440771119 -784105267
640221565 631835894
497418965 -749449546
536960560 -721646455
-827231134 -353254725
-502857272 -745811513
-383617878 813595460
-41323042 -898550308
206255788 875533437
-154238783 -886177548
237542067 -867567874
828441284 350407318
-31629156 898943739
-469478477 -767261500
134158873 -889438950
503924662 745090722
12691508 899410460
409935904 800657732
81592598 895791771
-63750738 -897238036
-598135112 671814437
-783976246 -441000562
-357666038 825333420
604778072 665840621
-558119375 -705409819
-57753738 897644002
165626374 884119988
-63451587 -897259241
-744406708 -504934553
-60658939 897452362
320440916 840486686
866200784 242479796
-801104709 409061725
548413412 712981752
134043244 -889456383
-399968765 805683087
-198142223 877405213
-410984228 800120124
-798661787 413811067
810257926 -390617899
513122270 -738786698
-156805750 -885726936
821156398 367154490
-545138665 -715488704
196851137 877695778
596435961 673323395
857256498 272417963
32667906 898906590
-76121859 -896273235
-655069192 616428912
422073877 794326061
44221583 -898412322
266890802 -858993335
728163650 528088959
-171627939 -882974575
-552687693 709673561
308253722 845032480
-667802754 602610763
92362346 894745464
-866278520 -242201931
-370720714 -819552562
-91470087 894837121
303863029 -846621231
139936589 -888548254
-316417677 842009562
-866238412 242345339
524387219 -730833971
-556294378 706849923
7631889 -899467622
395327696 -807970459
2765552 899495748
-438154348 785570504
-717390274 542633803
-747408847 -500480034
-699263482 -565801054
156567215 885769133
-563533839 -701091907
172681989 882769041
78097916 -896103211
89328400 895053454
-416763171 -797125278
-781368945 -445603884
34109957 898853025
-783179437 442414081
611085708 660056442
-756857103 -486073631
-179355682 -881437342
-535857571 722465856
-3746582 -899992201
263679387 -860507513
-529926174 -727446389
-230104526 870087298
609597904 -662110561
-305248564 846654188
-363976744 -823116595
44212075 -898913395
-882591237 176161029
-536763190 722416277
328977580 837719375
485694712 -757694296
555179587 -708361225
-472630589 765911435
-428632151 791375055
378175282 -816690550
567424599 -698590956
694938408 -571892130
157017111 886197284
216488213 -873574755
880074829 -188330282
-839783187 -323672981
-780369687 448356054
153827295 -886756541
608640116 662991107
-805578075 -401302834
-102452934 894149538
135721740 -889707597
305310039 846632021
-886930588 152820587
-115052241 -892615808
34241626 -899348381
-119122628 892081722
835401141 334820748
-689828131 -578045975
856043461 277830151
-135562951 -889731805
-167286466 884316254
786034155 438349526
581641099 686799557
-100441007 894377774
-650439712 -622035514
-732402581 523054929
741963816 509401311
-138002695 889356652
659668588 612239621
213931727 -874204333
110176346 893230750
-885266333 -162183598
-16039043 899857071
-553443972 709718091
-204724509 876406227
894773373 96853554
-89789826 -895509791
-550791139 -711778842
-54602159 898342142
400183030 806134940
-744472261 505728239
-12322136 899915643
628753292 643948210
171703187 -883469306
61385195 897904147
-89760657 -895512715
675211890 -595053698
402812194 804824413
-252260048 -863924110
857189242 274274686
76532829 -896740054
844497072 311166668
-72568465 897069572
-781447232 446475333
-157870219 886045706
-39524489 899131700
-150334603 887355344
46238032 -898811462
804859000 -402743082
130322491 -890514485
73217371 -897016842
717690967 -543065075
187886050 880169774
-345571219 831011752
875101150 210233149
26214211 899618149
-674939077 -595363118
355994270 826600314
465170225 770465224
574081600 693130807
-171008607 -883604015
-613367465 -658620036
614859953 657226930
601387708 669576601
668453421 602635896
132273472 -890226784
-444480251 -782583737
-388601954 811781079
-864914923 248841668
50565425 898578398
-678580972 -591208816
243552545 866419158
592719254 -677262051
337248649 -834423962
-559095713 705274403
-635500837 -637290111
52853356 -898446727
-100788373 894338696
126965368 -890999323
-181863131 -881433946
154432490 -886651344
-280339937 855224835
-356343564 826449795
-77645553 -896644393
91160012 -895371348
-844089403 312270843
-67543867 -897461879
-108030803 893492778
33311247 -899383322
85811376 -895899775
356474658 826393258
61718574 -897881293
156709617 886251711
-96590989 -894801755
-433549598 788691794
-528676336 -728355223
808419567 -395547473
487934814 -756253672
79249612 896504042
223086404 871913101
-83271877 -896139383
263197937 860654893
157332233 -886141393
-207846425 -875671093
810716528 390818002
-509698899 741759416
-396258547 808071261
-633315996 -639461374
-820187950 -370528982
-32499153 -899413033
597107685 -673396177
-872079160 222436369
-417958012 797064050
-684001784 584928678
73273725 -897012241
-726465692 -531269798
373661206 818765719
-155476628 -886468847
831499416 -344396168
562953140 702199232
-80922106 -896354624
-6298547 -899977959
-680478804 -589023426
372663213 819220440
-44109924 -898918413
224476578 871556232
217218572 873393434
79341813 896495887
528638417 728382745
-434502893 -788167010
608792670 -662851027
-52175160 898486367
131462144 890346957
236656483 -868328111
331580455 -836692537
-135257443 -889778300
-210478571 875042153
-36306959 -899267371
-674443397 595924579
-160210339 885625568
-139827921 889071511
104214335 893945956
-503860947 -745737317
80781670 -896367291
-1647663 899998491
15865471 899860148
-693267119 -573916981
801821527 408756943
515278017 -737894684
728064926 529076047
136161527 889640398
-49811302 898620517
850274693 -295013468
418369703 -796848035
-380249286 -815726964
718360253 -542179441
8163511 899962975
192774376 879112074
-156449915 -886297593
91152587 -895372104
382674645 -814591993
620276974 652116918
-423495857 -794135542
713636668 548381898
-141857692 888749905
-619207557 653132453
665584966 605802486
863554045 253523985
419410183 -796300884
813019579 386004098
-336815192 834599021
53854011 -898387302
-539145302 720640231
-443106013 -783362662
-37644354 -899212379
-240739172 867205080
532906244 725266113
724263032 534268715
-606906787 664578175
589030692 680472515
169706190 -883855083
683928152 -585014771
698404182 567654471
827664744 -353512477
194999218 -878621252
-517742220 -736167775
546270842 715253917
-310287198 844820605
81144044 -896334560
-649914719 -622584016
820568426 -369685620
-296811634 -849648664
24223994 -899673939
-793654623 424396441
440298693 784943985
-866333777 -243856078
668055961 -603076473
-85474136 -895932013
102379623 -894157935
151664616 887128989
-17366980 -899832422
440652377 -784745489
-473793132 765192830
-46982757 898772841
-424286651 -793713322
244957101 866023105
841524531 -319118259
563396404 701843637
417880313 797104788
-31235554 -899457803
730968407 -525057318
-373246978 818954634
443026747 -783407493
671431108 -599316500
8646583 899958463
-134249148 889930989
-642434943 -630299408
-52879202 898445207
121544559 891754966
-507437968 -743307950
-816812802 377911162
-270455047 858402043
600026075 670797070
807730922 -396951832
559465792 -704980870
702967873 561993033
-675813018 -594370898
621776759 -650687069
463818231 -771279876
-531239132 -726488117
-284998280 853683770
-811066661 390090850
-110495523 893191322
815021031 381760028
-28443841 899550414
250975775 864298073
348914945 829613380
-158099629 -886004800
232309924 -869501063
260198100 -861566566
-210232847 -875101222
-211471548 -874802711
-8485837 899959993
-439689713 785285270
-262710026 -860803951
438873057 785741967
-609988120 661751081
54685537 -898337070
-598793966 -671897154
-398305321 807064353
-196653476 -878252475
521224531 733706336
-68832761 -897363945
50178272 -898600100
411631309 800349714
-835420723 -334771885
-15739303 -899862364
-96515988 894809847
-73170992 897020627
-265217710 -860034630
-82741942 896188468
-631191058 -641558920
-677700266 -592218160
-426979506 792267948
-700007970 565675562
610781286 -661019077
-91350359 895351948
51183467 -898543406
866693160 -242575692
104640223 -893896204
200518038 877378206
690105414 -577714910
-463561287 -771434334
460753928 -773114362
603652867 667535179
173545456 -883109265
8644409 899958484
-808360623 395667920
892913531 -112718348
-874258775 213709134
-617673726 -654583201
-749869024 -497691115
-788340507 -434188029
636898983 -635892825
17026768 -899838924
289998314 -851998226
272159808 -857863065
-665133133 606298536
399256623 806594166
-870147416 -229877085
796664711 418718686
81843190 -896270992
-630940885 -641804954
133596408 -890029212
49744845 898624198
184622480 -880860113
-18309058 -899813746
-649941463 622556097
-679157295 590546669
285210439 -853612913
383767857 -814077534
-385460033 -813277666
762891786 -477489395
164628616 884814906
657819551 614225885
353672900 -827596205
385859835 -813088056
-412615425 799842803
-234460106 -868923735
454516782 -776797589
-700489439 -565079238
4413598 -899989177
-179028142 -882014129
682160521 -587074972
839672275 323960600
65906060 897583640
-141381513 -888825780
-185763621 880620166
-198387252 -877862459
582021944 -686476843
-637389784 -635400868
-624743309 -647839330
-715520671 -545921394
356839760 826235671
135885398 889682616
34303631 899346018
565456881 700184629
369214912 -820780329
766447107 -471761414
-680866360 -588575398
-735029575 519356836
685825205 582789660
527511066 729199612
196374741 -878314841
-862465022 257204365
-595179676 -675100846
272896024 857629150
-712367858 550029121
-445558707 781970228
889569827 -136621824
420078267 795948647
-199382621 -877636924
49458755 898639989
-777820214 -452764524
10262016 -899941493
-117253667 892329298
367391691 821598043
167239682 884325103
269203491 -858795365
-385773457 813129042
207122088 -875842703
871306484 225444030
36285345 899268243
-182377523 881327657
20256376 899772015
301684922 847930544
603689272 667502256
-634161112 -638623272
-94095638 895067601
-192201536 879237493
-276925157 856336649
451920779 778310740
-275677344 856739168
-290697907 851759782
-777876708 452667457
-185683609 -880637040
-516046195 -737357663
-640752513 632009665
-36228275 899270544
211330705 -874836746
799525164 -413230579
642111573 -630628835
-45354510 898856478
-865064766 -248320258
-30404521 899486278
258570782 -862056350
143747314 888446233
429804206 790739112
-462016261 -772360650
-152311817 887018100
780479390 -448165060
638327086 -634459243
-315041694 -843059150
744497025 505691783
-223348108 871846100
-365123914 -822608368
353938449 -827482673
201630773 -877123156
-61757307 -897878630
55275473 898300964
-799920444 412464887
-112543505 892935585
177148008 -882393666
785178574 -439880218
-391618106 810330339
458855235 -774242774
614720399 -657357460
101718671 -894233365
814185577 383538585
-412824630 799734846
-153897326 886744389
-746508192 502718131
-390825831 -810712754
-129201817 890677770
737759169 515472024
52411600 -898472606
-660004111 -611877907
-879204440 -192352677
-580630662 -687654007
815562282 -380602370
-66645376 -897529049
-306407329 846235516
-81323001 -896318341
691887612 -575579301
539052821 720709411
486747359 757018499
678499224 591302632
-21314515 899747570
-107084396 -893606698
341863873 832543748
-516268831 -737201800
-19720571 899783917
-552223331 -710668271
67976500 -897429214
120713100 891867898
355262722 826914988
-25951253 899625773
-401709155 -805375536
-591705116 -678148254
-766652085 -471428234
699818721 565909672
-196615357 -878261009
105889866 -893749034
-92392225 895245037
-310010978 844922004
-188543470 -880029181
-3406038 899993554
-731013395 524994682
-881389687 -182077510
-777587939 -453163322
627058619 645598550
849150871 -298232792
271698235 858009364
14712778 899879733
-872848182 -219399296
-294655995 850398638
-895865613 86167299
-383342350 814277988
-881627077 180924561
525572300 730598218
196437128 878300890
107570782 -893548278
894628644 -98181410
-275795670 856701084
-441521803 784256652
343719847 -831779217
-140025169 889040467
157923368 -886036235
-269095985 -858829057
-404544532 803955049
-188719241 879991504
855041293 -280899247
-189786841 879761874
277311252 -856211696
793286984 -425083240
697413139 -568871614
573790751 -693371598
552872275 710163535
22216267 -899725756
501685766 747202376
-711238623 -551488550
-238875071 -867720404
-836759696 -331410939
