10 100 1000
8 2 1
1 5 2
5 10 3
9 9 4
5 3 5
6 6 6
8 2 7
2 2 8
3 6 9
7 8 10
5 2 11
4 3 12
3 3 13
7 2 14
6 9 15
7 8 16
9 2 17
3 10 18
10 8 19
5 6 20
2 4 21
4 3 22
5 4 23
2 2 24
9 4 25
5 8 26
8 3 27
10 8 28
2 4 29
9 10 30
6 7 31
3 1 32
7 9 33
3 1 34
9 5 35
6 7 36
10 1 37
1 1 38
2 7 39
9 4 40
4 10 41
5 5 42
1 7 43
7 7 44
9 2 45
10 5 46
4 7 47
9 8 48
3 9 49
2 10 50
6 4 51
9 10 52
1 5 53
7 8 54
7 4 55
6 2 56
3 5 57
10 1 58
4 8 59
3 8 60
1 7 61
7 2 62
8 6 63
5 6 64
3 2 65
1 1 66
5 2 67
1 7 68
2 8 69
8 8 70
8 8 71
4 4 72
10 6 73
9 10 74
9 2 75
7 3 76
1 7 77
9 4 78
2 1 79
6 3 80
10 1 81
8 5 82
4 9 83
2 6 84
1 3 85
7 2 86
1 5 87
2 7 88
10 9 89
5 9 90
5 2 91
10 4 92
9 9 93
9 1 94
8 8 95
4 9 96
4 9 97
2 8 98
8 1 99
5 4 100
2 6 7
7 10 50
9 5 4
3 10 10
4 4 86
4 5 8
9 9 1
2 9 97
8 10 9
3 9 3
8 1 10
9 6 2
5 3 2
7 9 6
4 6 7
7 5 3
2 3 9
7 8 10
3 6 10
10 4 11
10 2 9
6 3 24
7 9 6
3 3 8
10 2 5
3 9 10
10 5 56
1 6 3
4 10 4
10 8 7
10 7 8
7 8 6
3 9 6
2 5 35
4 7 2
4 6 6
6 3 9
9 2 7
5 2 3
2 10 3
7 4 51
10 3 10
1 5 5
4 7 50
9 9 3
2 9 6
5 8 6
5 5 5
1 4 10
8 9 8
9 4 1
1 3 6
10 3 8
5 4 6
2 2 3
4 6 3
3 3 32
1 5 7
5 4 1
4 6 71
8 7 1
5 1 51
6 10 25
3 9 5
4 9 7
5 9 5
8 1 3
8 1 27
8 7 16
10 5 9
8 6 7
8 6 5
1 4 9
7 4 3
6 6 2
7 3 1
2 2 27
1 4 8
4 9 25
10 3 52
9 9 14
1 8 8
1 4 10
9 8 5
1 2 8
5 4 29
5 2 41
1 3 57
7 7 6
8 7 8
2 10 2
3 8 3
2 6 7
6 10 10
6 7 3
5 5 3
10 8 3
4 8 4
9 8 6
3 4 39
6 2 2
1 2 6
4 6 5
2 10 99
5 8 5
6 7 4
1 2 9
6 6 2
8 2 3
4 3 9
4 1 4
1 9 73
6 3 3
9 1 2
10 8 91
5 4 46
9 5 1
6 3 60
10 4 2
8 3 9
8 2 7
1 10 2
8 2 5
3 4 84
10 3 2
5 8 29
1 9 87
4 5 8
4 7 4
1 10 72
4 10 3
3 9 5
10 6 6
8 9 3
5 2 9
3 6 6
3 10 9
5 10 6
9 6 41
4 2 1
8 3 3
4 2 64
10 1 8
4 9 66
8 4 9
2 10 4
1 9 3
9 5 9
4 10 1
8 9 21
7 6 4
10 4 39
10 4 9
6 5 7
6 2 7
7 10 2
3 5 6
7 3 14
7 7 3
6 5 10
4 6 3
2 7 37
3 7 5
6 3 9
2 1 32
7 8 12
5 3 51
3 7 4
5 4 3
7 4 5
4 8 5
1 1 9
6 1 9
7 4 5
2 3 10
4 3 9
4 3 1
10 9 10
4 2 10
3 5 82
10 9 14
1 8 9
2 9 5
10 6 4
1 9 10
6 8 5
10 1 16
5 3 9
5 5 11
2 2 16
9 1 80
3 8 9
9 4 10
4 4 1
1 9 5
2 5 6
6 4 8
10 7 6
4 10 99
10 7 1
5 10 9
7 7 6
8 7 7
7 1 5
5 2 3
4 3 6
3 6 2
9 7 2
8 8 3
1 7 3
7 5 10
3 7 94
9 9 6
5 2 3
5 3 9
10 10 53
7 9 4
7 7 9
3 9 4
6 8 3
8 3 9
1 3 1
9 3 10
6 6 1
8 7 8
2 9 8
6 10 1
1 1 10
6 3 48
5 2 93
7 5 7
4 9 10
6 2 16
1 5 29
3 8 65
10 10 5
4 1 24
7 8 11
7 4 9
10 2 5
5 8 6
1 5 4
6 2 9
5 3 4
3 7 7
10 5 1
10 2 2
6 6 6
10 6 1
5 4 7
4 6 1
9 3 2
7 9 2
10 5 23
2 3 53
5 5 65
5 1 6
8 3 2
6 6 10
5 4 1
10 3 3
8 3 3
4 9 6
7 5 5
7 6 9
3 8 1
5 7 3
3 4 2
9 4 7
7 9 3
7 3 12
7 5 26
5 4 10
2 9 9
8 9 4
3 8 2
6 9 8
8 9 6
1 2 4
10 1 2
2 10 5
4 4 68
1 3 3
8 8 3
2 5 3
4 8 24
8 10 6
9 3 1
9 1 8
1 4 9
1 3 7
2 5 9
6 8 4
1 8 2
2 9 9
9 8 7
6 6 6
1 4 7
3 9 49
6 7 1
3 8 100
10 3 9
3 9 5
9 6 3
10 4 8
1 10 42
2 4 9
1 2 4
10 8 1
5 2 79
6 10 88
4 3 9
5 1 2
10 6 98
3 2 6
10 9 50
4 4 8
7 7 98
10 9 83
10 10 10
9 1 3
4 8 9
5 7 8
2 10 2
4 4 1
2 3 3
7 3 4
10 5 16
3 9 1
8 1 5
3 2 1
6 9 4
7 7 6
9 10 9
10 8 1
7 9 6
6 5 10
4 3 9
6 9 5
9 3 4
7 5 7
7 10 8
3 10 2
6 2 4
3 1 8
7 8 2
5 4 6
6 6 98
9 9 2
8 2 1
10 6 71
6 4 50
3 8 3
3 3 8
8 2 42
9 2 80
7 9 8
3 10 10
9 6 7
8 4 1
2 2 4
7 8 6
2 7 2
5 8 6
5 7 6
4 5 9
9 4 6
1 8 3
2 1 9
4 6 10
6 2 4
4 1 5
1 10 8
10 3 6
2 7 3
6 2 1
1 10 3
4 9 32
7 9 9
8 7 7
9 10 95
9 10 5
5 7 6
8 9 7
6 10 1
1 1 10
6 6 4
8 2 1
8 7 5
2 5 28
4 9 2
5 2 38
3 9 7
8 3 1
10 6 9
5 4 2
8 4 2
6 8 3
6 5 5
2 5 22
4 7 7
9 1 1
2 9 4
1 9 10
4 10 4
6 7 4
6 1 75
6 6 77
7 10 9
1 6 3
3 6 63
3 8 37
7 1 1
7 1 4
1 8 4
8 1 73
9 2 67
7 6 9
7 3 10
3 4 63
9 3 3
5 8 9
10 6 91
1 4 6
2 6 10
4 3 2
3 8 10
5 1 4
10 4 5
1 10 5
8 5 48
1 4 7
1 9 1
1 2 6
9 6 10
6 3 7
9 4 7
1 4 80
6 2 6
5 10 8
6 9 8
5 9 9
5 9 4
5 1 4
3 8 8
4 2 4
6 2 6
3 2 96
6 6 2
3 10 9
8 3 5
1 5 39
4 5 5
2 5 79
5 4 34
6 8 47
10 1 17
8 6 4
9 5 1
3 1 5
2 5 6
6 5 7
3 2 10
4 10 10
9 6 7
8 10 9
6 7 2
3 4 2
8 6 1
1 10 5
10 2 2
2 3 75
10 1 8
2 4 4
10 7 6
9 9 40
2 6 10
9 3 7
9 10 2
5 4 4
8 3 10
7 8 2
1 4 8
6 3 1
3 8 1
5 6 90
7 6 3
2 9 39
8 6 68
8 4 3
4 10 8
2 9 4
8 9 37
3 2 6
2 7 6
4 2 45
10 1 6
4 4 2
1 10 43
8 6 9
4 1 4
2 3 34
2 9 1
9 3 8
1 4 3
6 3 9
3 2 9
9 9 10
8 2 8
4 1 6
6 2 1
4 3 5
10 5 10
1 10 5
9 10 5
4 3 64
2 8 32
4 9 9
4 4 10
5 4 9
2 1 23
8 1 2
1 9 7
10 9 49
3 4 58
1 1 3
7 2 4
3 8 8
6 10 8
2 10 3
2 9 1
3 1 3
9 6 8
8 1 1
4 10 7
4 8 34
3 4 75
3 1 2
4 2 8
4 1 18
10 2 4
6 2 87
8 10 1
2 9 1
2 8 82
10 5 10
2 1 1
9 1 6
1 9 3
5 2 6
2 7 4
9 1 9
2 8 6
4 9 53
2 7 66
9 4 10
4 4 3
2 1 4
9 8 9
8 10 9
6 10 2
10 7 10
5 2 4
8 6 5
7 5 4
5 4 9
10 9 8
1 5 12
10 5 4
9 7 6
10 10 9
5 9 1
4 10 27
1 1 3
7 2 6
4 8 10
7 1 91
3 9 82
6 5 3
9 6 3
4 9 10
6 1 66
1 6 2
2 5 4
2 5 37
1 5 1
6 1 2
9 6 83
9 8 3
3 8 63
4 7 8
9 10 6
10 5 6
3 6 73
9 1 4
4 9 3
2 5 6
7 10 3
2 9 10
6 8 4
2 1 2
6 9 3
8 8 7
10 5 5
9 4 9
2 8 10
6 4 5
6 2 10
10 8 37
2 4 53
9 8 9
4 5 5
3 1 39
9 10 5
5 1 6
6 3 6
5 8 8
2 5 1
1 5 6
9 7 9
7 8 5
8 9 10
3 7 9
9 10 1
7 10 85
5 9 3
1 5 10
2 9 5
2 3 3
10 7 7
4 2 9
3 6 5
1 2 1
4 8 9
6 5 2
2 3 2
1 9 2
5 8 8
9 10 2
3 4 1
3 4 61
4 4 7
9 6 2
4 10 2
2 3 8
10 1 3
6 5 8
10 3 84
2 1 9
5 8 5
7 10 10
1 3 7
4 3 7
2 6 54
10 8 7
7 6 8
7 5 3
2 10 1
9 7 8
8 4 1
3 3 7
8 1 4
4 8 1
8 7 5
3 2 1
4 7 5
3 1 6
10 7 52
2 10 8
5 5 73
7 5 4
1 8 9
7 5 5
2 9 2
4 3 2
1 2 2
1 2 10
5 8 8
8 7 42
4 10 4
7 10 4
3 6 8
8 2 58
2 8 67
9 5 6
3 6 8
4 6 8
1 1 1
8 1 21
10 5 7
1 9 5
8 10 10
7 10 10
9 4 97
10 7 94
5 1 3
10 7 4
2 10 9
4 7 9
2 10 71
3 3 9
8 10 9
4 10 9
4 7 96
5 8 8
4 9 6
2 7 4
5 8 95
6 2 8
8 3 3
1 7 14
7 10 9
10 3 1
3 3 94
5 8 8
4 2 14
6 4 5
10 7 2
2 5 9
4 8 6
8 8 63
1 3 1
5 7 59
6 2 31
8 3 4
5 2 2
2 4 54
1 4 29
3 1 72
5 1 32
9 5 87
3 7 6
8 2 3
7 9 8
2 3 51
5 3 10
1 5 6
2 9 7
1 2 4
4 10 19
5 9 10
7 10 10
3 8 8
3 4 93
9 4 4
9 9 98
2 6 4
7 9 1
10 4 66
5 6 54
4 1 6
5 9 1
2 9 6
3 1 7
6 7 2
8 8 72
6 4 9
2 3 4
4 3 5
9 5 62
4 2 7
5 10 8
5 6 4
8 8 3
10 7 47
10 1 38
4 8 7
6 2 1
6 7 6
2 9 7
4 6 99
8 9 3
5 7 10
2 3 4
8 9 56
8 4 91
3 7 5
7 2 42
10 5 14
4 5 4
10 1 8
1 5 6
3 2 8
4 8 8
2 10 4
9 9 29
5 5 93
8 7 4
5 2 7
6 7 2
8 9 7
7 2 10
8 4 7
10 8 3
9 2 8
9 9 5
1 3 7
10 6 9
10 5 5
4 6 5
5 8 2
1 10 2
5 9 4
9 10 7
9 5 8
3 4 9
8 4 10
4 5 5
3 4 12
1 10 1
5 10 5
9 10 4
2 9 34
10 9 4
1 2 6
2 9 2
3 8 8
7 4 3
6 7 10
1 9 4
7 2 7
1 2 14
6 2 4
5 6 10
5 5 28
6 8 8
9 9 7
9 10 2
3 1 76
3 1 7
7 3 10
1 7 4
8 2 53
4 6 2
9 7 7
7 9 6
7 7 5
2 9 9
9 8 9
1 10 8
7 3 29
8 2 8
5 7 32
7 10 10
7 6 6
1 6 98
7 6 10
8 4 6
3 6 88
10 5 1
1 9 6
8 8 100
6 8 5
3 4 3
10 2 4
5 1 4
1 9 8
3 2 9
2 10 5
3 7 4
1 3 88
6 4 36
5 5 8
7 9 4
10 6 5
3 5 5
4 6 3
1 5 4
3 8 4
7 8 38
7 6 8
9 1 10
3 5 48
9 6 97
6 9 3
8 7 8
7 6 4
6 5 5
3 10 7
2 7 6
8 4 9
2 10 7
6 5 91
5 7 4
4 7 8
8 5 2
6 1 1
7 9 19
6 2 9
1 7 1
7 9 8
5 4 1
5 1 1
1 2 7
7 9 7
9 8 7
2 6 5
7 9 33
8 8 1
3 3 7
7 6 7
10 7 1
2 10 3
8 5 7
5 3 39
4 1 1
10 8 2
10 3 1
5 8 10
4 6 8
10 3 2
5 2 2
10 7 9
3 9 5
6 3 39
4 10 2
3 4 2
10 9 17
2 10 4
9 5 4
2 10 5
5 10 4
2 3 6
6 3 8
8 1 9
3 5 88
5 9 2
3 2 9
8 7 5
9 6 2
7 3 75
2 7 5
7 5 1
9 6 8
2 6 2
8 1 10
5 5 4
7 3 58
10 3 47
3 4 6
5 4 7
7 6 1
6 7 71
7 3 4
3 7 1
3 6 91
2 7 16
5 10 85
7 7 83
3 8 1
6 9 7
3 1 1
5 9 4
9 1 6
4 6 1
1 4 97
4 10 10
10 4 10
6 3 1
4 9 2
7 5 8
5 10 2
9 3 2
8 8 6
1 3 5
6 1 6
3 8 1
1 5 5
7 7 1
2 4 7
6 6 6
10 10 9
8 3 2
2 3 10
8 10 3
1 1 10
6 3 5
10 2 6
10 5 9
8 9 10
6 10 7
5 8 5
6 7 9
9 10 5
5 4 8
6 8 98
8 4 4
4 6 7
5 3 1
5 1 9
6 2 7
6 1 2
8 9 15
8 2 39
2 1 9
1 2 10
3 4 3
9 2 9
3 7 6
5 8 5
