10 100 1000
8 4 1
6 1 2
4 5 3
4 8 4
1 9 5
7 6 6
3 9 7
9 7 8
3 2 9
7 7 10
5 3 11
1 4 12
1 3 13
2 6 14
6 1 15
1 9 16
4 2 17
3 9 18
5 9 19
8 6 20
4 3 21
10 9 22
7 2 23
3 3 24
4 2 25
6 9 26
7 7 27
10 9 28
6 4 29
7 8 30
6 10 31
8 8 32
1 1 33
6 3 34
4 10 35
4 1 36
7 8 37
6 2 38
6 3 39
6 10 40
6 4 41
4 6 42
7 7 43
6 9 44
2 3 45
3 1 46
9 7 47
7 10 48
6 3 49
9 9 50
7 7 51
7 2 52
2 8 53
6 3 54
5 3 55
3 10 56
1 8 57
5 1 58
1 10 59
2 9 60
1 1 61
8 2 62
6 4 63
10 7 64
1 6 65
7 7 66
4 3 67
8 7 68
3 6 69
7 6 70
7 7 71
9 8 72
5 7 73
6 6 74
1 9 75
5 1 76
3 5 77
9 3 78
6 7 79
10 1 80
10 10 81
9 4 82
2 8 83
2 6 84
10 10 85
6 9 86
4 3 87
1 2 88
4 8 89
9 9 90
10 6 91
10 7 92
2 4 93
10 2 94
3 2 95
7 5 96
1 9 97
10 9 98
1 6 99
7 5 100
4 8 7
4 8 2
3 5 4
4 4 8
4 6 6
6 10 1
3 4 4
4 7 10
5 2 66
10 8 2
3 6 7
1 8 4
10 7 8
10 10 87
2 9 6
2 7 10
4 6 5
2 5 7
8 2 23
4 9 75
4 3 6
1 3 4
6 9 81
8 9 9
7 9 1
3 3 3
5 9 1
5 4 5
1 7 5
8 4 56
1 10 2
1 9 9
8 7 2
10 6 7
5 6 1
5 7 8
9 9 52
7 5 10
3 10 1
5 3 2
8 10 10
8 7 7
5 10 4
10 7 45
3 9 7
9 6 8
5 3 9
7 7 6
10 5 7
10 3 5
3 3 7
3 6 17
5 8 6
10 5 4
4 4 2
1 4 4
2 6 75
7 6 9
10 9 92
9 4 8
8 7 3
3 1 4
10 10 4
10 3 3
9 5 10
5 4 7
4 4 9
8 4 9
5 2 80
7 8 2
3 3 6
6 2 7
3 7 30
1 10 9
7 1 5
5 6 4
5 9 9
3 4 8
6 3 4
10 5 3
9 7 91
10 2 5
4 3 10
10 3 3
1 6 8
10 9 10
9 2 1
5 9 57
9 1 26
5 6 1
4 10 3
4 7 6
9 3 88
10 9 65
9 7 9
10 6 9
10 3 5
9 8 9
1 4 2
5 4 7
8 4 69
6 1 7
4 8 1
10 8 9
9 1 9
5 3 68
1 3 10
2 1 6
6 1 1
8 8 5
4 9 43
9 8 80
10 1 7
2 10 22
5 2 1
10 8 5
8 1 10
10 5 66
10 1 3
8 4 4
4 6 1
5 7 3
1 7 5
8 3 6
10 5 2
9 10 6
1 5 9
6 1 10
3 7 3
9 10 7
8 6 10
1 3 72
7 6 7
6 9 3
1 9 29
6 5 10
2 8 8
4 7 4
6 4 9
2 2 7
10 4 5
7 3 10
10 1 88
4 8 9
9 7 59
9 7 1
9 10 24
7 6 1
7 10 9
10 10 76
5 6 8
2 5 9
3 1 8
9 9 37
5 4 86
7 6 8
1 2 37
10 8 9
2 8 74
2 4 8
5 2 10
9 1 8
8 10 5
2 4 82
10 10 10
6 4 100
4 5 2
6 5 6
8 4 71
4 5 3
1 9 56
6 7 1
9 9 1
8 2 9
10 1 9
3 1 71
5 6 65
9 7 2
7 7 7
6 9 9
10 7 8
1 7 2
1 1 7
5 9 26
7 10 4
5 9 7
6 6 2
3 10 3
8 6 1
5 5 1
10 6 6
5 5 9
1 2 6
6 10 10
5 6 8
3 1 7
4 8 3
6 10 6
8 10 9
5 9 1
9 1 3
3 1 7
4 2 10
4 4 10
7 6 3
2 7 1
6 1 8
3 3 2
6 1 2
2 4 44
3 8 6
3 2 8
10 1 9
2 4 10
4 5 2
8 9 45
3 9 3
6 9 10
6 4 39
4 9 6
1 7 2
4 6 1
1 3 5
1 10 6
1 7 3
3 5 53
1 6 9
10 3 24
5 8 4
9 9 9
4 8 80
2 7 48
9 3 5
9 10 4
1 2 6
6 3 7
4 6 9
9 1 8
10 7 95
3 6 9
8 2 3
10 10 6
10 7 10
3 7 41
2 4 23
3 1 2
4 1 2
1 1 46
7 2 1
1 10 5
2 6 3
2 3 1
4 7 52
6 3 59
5 3 5
2 2 13
2 6 91
8 4 3
9 10 1
6 10 5
3 2 6
1 7 1
4 10 10
7 6 1
8 6 49
3 1 2
10 1 10
2 10 20
6 8 5
9 10 4
5 5 4
5 8 52
1 6 8
2 9 6
10 1 8
9 9 8
2 6 9
5 2 6
7 5 3
5 2 9
7 7 7
10 8 30
2 5 4
7 8 1
7 9 3
10 9 4
8 4 8
4 2 5
1 3 4
4 5 4
1 3 6
9 1 7
5 10 9
4 4 10
1 8 41
8 4 3
10 6 2
9 2 9
9 9 9
2 3 8
1 8 7
2 5 4
2 3 3
2 6 4
2 9 1
6 5 5
4 6 56
1 10 89
1 9 3
10 9 20
4 6 2
8 1 10
3 8 5
3 7 5
3 2 2
9 6 39
6 9 7
8 10 6
8 10 2
3 6 4
6 7 10
6 4 9
10 6 4
1 2 10
9 3 9
7 6 2
10 9 2
9 9 10
7 9 3
2 4 8
6 8 10
6 2 9
7 3 93
10 8 4
5 3 8
5 8 4
7 10 2
5 10 10
8 8 3
10 3 2
7 3 2
5 8 4
7 6 3
4 6 2
10 3 4
10 8 10
3 5 80
6 3 1
1 10 2
10 6 8
3 9 29
5 5 6
6 8 5
10 5 2
8 1 47
9 2 2
2 4 1
2 5 9
1 7 3
7 1 4
4 7 6
6 9 93
7 6 37
6 3 3
4 2 27
1 4 1
8 4 5
6 3 50
5 9 3
9 6 9
3 3 8
2 10 44
5 6 92
10 10 6
1 10 7
9 7 6
7 6 10
3 5 2
8 9 38
4 9 2
8 2 6
6 2 6
1 5 3
4 6 2
6 9 6
3 10 10
7 2 5
9 7 3
2 1 93
10 3 9
9 9 7
5 6 9
1 2 40
9 2 67
2 8 2
10 8 58
4 1 7
7 10 5
1 9 100
5 7 9
4 5 2
8 1 3
10 5 9
2 8 10
3 4 78
8 10 6
6 8 4
9 10 92
2 3 7
8 1 10
10 1 9
5 10 1
7 7 1
4 2 7
9 6 5
5 5 8
6 8 7
4 3 1
4 3 3
4 10 9
6 6 8
9 6 10
5 1 8
9 4 1
3 4 8
1 7 6
7 10 3
8 3 5
1 7 100
6 2 7
8 6 93
10 2 5
10 3 6
3 3 1
3 10 1
6 7 52
10 5 8
8 10 2
4 5 7
6 6 8
1 10 63
10 10 4
3 5 5
7 4 16
2 5 9
10 7 7
5 4 5
4 5 9
5 8 5
7 7 5
7 1 9
10 7 2
2 9 56
9 6 2
1 10 5
4 10 2
8 5 8
4 7 98
10 7 3
2 6 10
8 1 1
10 7 3
3 1 4
4 4 3
3 1 2
10 10 1
7 6 7
9 5 4
4 9 9
8 4 12
1 5 8
5 10 2
4 5 3
6 4 2
5 8 4
4 3 2
3 9 1
8 1 7
6 7 2
6 1 5
6 1 10
9 5 10
9 9 4
4 5 88
9 1 3
10 7 5
10 8 8
7 6 6
6 5 7
6 3 47
9 7 7
10 5 4
5 5 6
7 10 4
7 8 5
2 3 5
7 10 6
4 9 2
10 7 1
7 5 60
2 7 4
1 4 7
8 3 6
4 4 6
6 10 7
8 9 4
4 5 2
2 1 8
6 7 9
10 10 7
10 3 2
5 1 64
9 3 4
1 1 6
6 9 2
8 5 1
3 5 4
3 1 55
7 5 10
10 9 9
3 4 10
9 1 17
2 4 1
6 10 5
9 10 73
1 1 10
3 5 8
4 5 4
5 2 2
3 10 3
9 10 1
1 3 6
10 1 5
6 4 6
7 5 3
8 2 4
6 3 8
4 6 79
10 2 7
5 8 22
1 10 14
9 1 4
5 4 5
7 5 7
3 9 25
3 9 60
7 1 5
1 3 5
3 7 7
10 2 2
2 6 3
10 9 1
7 2 5
1 2 8
4 4 9
4 7 3
6 5 6
8 5 5
3 4 5
8 1 5
1 8 10
7 4 2
4 9 1
3 4 2
7 10 5
3 10 5
1 10 2
3 6 70
2 8 12
6 7 2
5 4 1
7 4 5
4 10 6
10 4 7
9 6 1
6 1 10
5 9 9
8 9 4
6 3 31
3 6 22
5 3 7
10 5 26
10 3 10
4 2 10
4 3 47
6 1 10
10 10 1
10 8 22
6 2 5
10 5 14
9 5 6
4 7 4
2 6 2
6 3 1
8 1 62
2 4 5
10 8 9
3 10 16
4 1 3
1 1 8
2 4 9
4 9 9
3 10 6
6 5 4
3 7 1
9 10 6
8 9 2
10 6 8
1 2 4
1 7 25
8 2 2
5 6 5
8 1 10
1 8 5
10 5 17
2 6 6
4 5 2
10 2 3
6 4 10
2 7 51
7 2 4
7 5 1
7 10 3
7 10 2
8 9 10
1 1 4
4 2 35
8 4 88
9 3 5
7 2 45
8 4 9
8 10 2
2 2 3
6 4 2
6 2 1
6 9 1
7 3 3
10 3 10
2 3 2
1 9 1
9 10 46
4 5 3
1 1 83
7 10 2
8 10 34
5 10 9
8 8 69
4 1 7
5 10 1
5 6 4
2 7 9
10 4 8
5 6 1
9 6 7
8 9 8
8 2 33
5 10 7
2 2 4
6 6 10
10 4 33
9 9 10
1 7 4
5 6 50
10 5 8
9 4 9
6 2 3
8 7 2
3 6 1
1 6 2
9 3 7
5 8 7
8 8 94
1 5 9
10 9 6
1 8 2
6 4 4
5 7 4
1 1 5
7 9 8
4 3 93
10 8 84
1 6 1
6 7 4
2 7 10
8 2 10
8 5 20
3 4 61
9 9 4
1 5 70
10 8 8
7 1 50
10 7 8
8 2 80
10 6 9
6 1 15
1 9 6
4 10 5
2 2 1
1 2 8
9 4 5
5 1 32
10 6 4
1 8 3
1 4 3
8 6 3
6 9 22
1 7 2
8 9 5
6 6 78
9 5 43
6 10 25
5 3 2
3 1 10
8 8 5
2 8 42
2 6 9
4 5 28
3 10 3
6 3 6
9 1 35
4 5 5
3 3 6
5 1 66
9 7 3
7 6 2
10 9 4
7 6 2
8 9 2
3 10 10
3 2 75
5 1 1
4 1 1
5 6 9
9 5 45
10 9 20
9 10 1
1 3 10
4 8 1
1 6 23
8 3 1
7 1 1
2 6 2
1 8 10
4 7 4
7 7 8
5 3 4
2 8 2
8 7 1
9 4 4
2 10 8
9 2 1
5 4 1
3 4 8
3 9 75
7 4 10
5 7 95
8 9 10
4 2 1
9 7 6
5 3 9
4 4 6
10 9 5
6 2 1
8 5 30
1 10 31
4 2 5
7 9 10
6 10 10
8 1 2
3 3 10
4 10 7
2 5 4
7 2 1
8 6 10
3 9 4
5 6 5
2 2 50
6 6 6
10 1 4
2 10 8
5 9 10
6 3 10
8 5 10
5 8 9
4 3 7
9 2 8
5 4 2
9 9 5
2 5 5
2 3 12
6 1 43
9 1 52
3 6 1
5 3 15
6 9 10
1 2 7
7 7 2
5 2 34
2 10 3
8 8 8
8 6 1
4 4 1
6 2 4
1 9 8
4 10 2
9 1 9
7 1 2
5 6 9
6 2 5
6 9 1
6 2 2
10 3 7
6 1 8
7 8 3
10 8 3
9 2 99
4 10 8
1 4 69
10 7 6
9 10 9
7 4 8
3 4 7
8 9 1
2 9 55
9 4 2
6 10 9
7 7 10
3 6 6
3 7 2
1 9 9
10 10 91
7 4 4
4 9 84
7 7 3
5 2 20
5 8 9
3 8 3
10 1 3
3 7 2
9 5 8
5 9 10
9 7 9
8 9 6
8 2 48
10 1 8
3 3 10
2 7 32
7 10 46
3 8 7
10 7 9
5 9 9
10 8 1
2 5 9
8 7 6
9 1 3
2 4 10
1 2 7
3 3 6
3 5 1
4 9 2
7 10 5
3 3 4
3 3 6
3 7 6
8 6 9
1 2 2
8 4 81
9 8 7
6 2 8
7 2 4
2 3 5
9 3 8
7 3 9
5 10 18
2 7 9
10 9 48
5 9 82
8 5 7
4 10 68
10 5 75
5 8 81
8 5 7
6 9 16
8 2 83
9 2 63
7 7 3
2 2 59
1 9 3
3 6 9
8 4 1
4 5 6
6 5 6
5 9 9
3 9 92
3 7 8
8 2 5
5 2 3
8 5 10
7 2 4
3 8 8
8 8 64
9 4 2
3 8 5
5 8 3
2 9 9
2 3 4
6 2 90
2 10 9
9 8 4
6 7 5
10 10 2
7 3 8
2 6 53
1 2 81
2 5 9
6 10 41
1 4 5
9 7 12
1 8 2
7 8 8
7 10 6
9 6 16
4 4 35
7 8 4
7 10 8
9 1 6
4 8 31
6 3 7
4 1 8
5 6 3
1 7 95
8 6 8
7 2 9
4 3 3
2 2 3
9 8 5
4 3 9
10 2 2
10 8 1
8 1 55
10 7 10
3 9 2
4 4 8
2 4 10
9 9 5
1 2 72
7 10 7
10 9 7
5 9 85
7 9 7
7 2 4
3 10 67
7 4 84
9 5 7
7 1 1
9 8 9
9 8 10
1 2 22
8 10 5
8 3 24
3 3 26
6 2 1
4 8 27
6 9 7
1 7 7
2 3 7
6 8 9
6 8 10
1 8 3
3 6 6
8 3 6
6 6 90
4 8 8
7 6 6
4 6 4
8 2 17
4 5 9
9 5 7
2 6 3
5 1 4
5 3 8
7 7 2
2 4 4
7 6 6
2 10 9
5 1 8
5 6 76
10 3 6
7 3 1
9 6 23
7 9 10
2 1 1
9 7 9
10 6 3
3 5 2
2 9 50
7 6 7
6 4 84
6 6 4
1 2 1
