10 100 1000
8 4 1
2 4 2
5 4 3
7 10 4
3 1 5
10 2 6
9 9 7
8 9 8
1 6 9
1 10 10
8 4 11
6 3 12
4 3 13
8 6 14
10 8 15
2 1 16
5 2 17
6 5 18
6 10 19
5 7 20
7 8 21
1 9 22
1 1 23
7 9 24
9 8 25
4 4 26
3 9 27
4 7 28
6 9 29
8 7 30
7 1 31
2 2 32
10 4 33
1 6 34
4 2 35
9 9 36
8 7 37
8 10 38
7 1 39
2 1 40
7 5 41
3 5 42
3 9 43
7 3 44
8 9 45
3 10 46
4 10 47
7 9 48
7 1 49
9 7 50
7 9 51
4 8 52
2 4 53
6 2 54
5 1 55
4 1 56
5 5 57
3 5 58
10 5 59
4 2 60
2 8 61
4 3 62
2 9 63
2 5 64
1 6 65
7 3 66
1 7 67
4 8 68
3 8 69
1 1 70
6 9 71
10 10 72
10 2 73
7 6 74
4 10 75
4 10 76
8 5 77
7 6 78
3 6 79
8 7 80
5 3 81
9 9 82
9 3 83
8 1 84
2 8 85
7 7 86
8 7 87
1 5 88
6 8 89
4 2 90
10 4 91
3 7 92
1 10 93
1 8 94
4 7 95
4 8 96
1 1 97
10 6 98
2 2 99
3 3 100
2 6 1
3 2 9
1 6 6
9 1 3
10 1 3
7 1 4
3 10 4
4 4 4
6 7 7
3 3 1
6 10 54
5 10 9
3 5 4
10 7 76
9 3 6
4 3 10
4 7 1
8 7 22
10 4 7
7 4 57
2 2 58
4 7 1
5 8 9
10 1 10
3 6 67
1 8 9
8 9 4
8 3 9
3 1 7
7 8 3
7 9 7
1 4 6
9 10 7
7 2 3
1 7 3
9 9 3
2 7 3
8 9 5
6 2 6
5 8 2
7 5 1
7 6 2
6 7 6
3 10 85
8 8 8
6 4 7
10 8 2
7 6 2
9 2 7
6 8 65
8 6 4
9 6 1
7 2 4
2 1 9
10 4 74
9 8 4
1 8 4
4 2 8
10 5 1
8 9 4
3 5 69
9 5 7
8 6 8
1 6 2
10 9 46
8 9 3
9 6 4
8 1 12
9 4 10
4 8 1
7 9 1
10 10 1
1 9 3
3 6 6
6 10 1
6 5 78
9 1 77
8 4 1
4 6 4
3 5 7
2 6 42
2 9 5
7 6 1
8 10 91
4 10 48
9 4 9
10 8 1
8 6 6
4 1 7
4 10 10
9 2 72
3 9 9
7 4 69
2 6 19
4 7 20
5 5 10
9 8 10
4 3 6
5 6 48
3 4 6
6 8 98
1 7 7
2 2 5
7 6 7
3 7 5
1 2 3
10 9 81
3 9 8
9 4 5
8 9 88
1 1 10
2 9 1
5 1 77
6 4 8
7 9 8
6 7 9
9 2 4
8 10 4
6 8 2
3 1 6
4 1 6
4 6 8
1 10 5
4 4 6
6 1 6
2 9 73
2 4 7
10 1 7
9 3 8
9 4 3
1 7 9
8 8 6
3 3 5
5 6 5
2 5 4
9 8 71
3 5 8
10 2 9
1 3 1
6 8 5
1 8 1
4 5 6
9 1 5
4 1 6
8 5 2
8 5 1
6 10 1
1 6 8
9 4 10
7 1 10
4 9 11
7 3 83
2 5 2
4 3 86
9 8 5
9 7 3
4 8 2
2 1 3
8 7 86
3 9 4
4 7 4
7 6 8
3 9 3
9 7 2
5 5 45
1 2 2
10 9 6
3 10 1
2 1 4
2 5 6
9 7 85
4 10 5
9 3 97
7 7 7
4 8 96
10 9 10
7 3 3
10 6 2
10 9 8
3 3 6
9 2 8
10 1 2
9 8 6
10 6 6
4 7 6
5 5 10
3 2 7
1 2 9
3 4 6
2 1 3
10 8 3
6 1 9
2 1 91
2 9 6
2 6 8
8 2 1
4 2 40
3 4 10
8 10 6
3 5 6
6 6 5
6 9 50
10 7 42
9 3 8
2 2 4
10 9 7
2 2 7
10 2 2
2 3 8
10 9 36
5 5 1
4 7 4
3 2 2
1 4 10
3 7 1
2 4 5
3 4 10
5 3 10
6 7 1
7 3 13
7 1 26
5 9 7
6 7 7
7 10 82
9 9 7
4 3 100
7 4 10
5 1 2
10 8 8
6 10 3
2 1 10
6 8 6
7 9 1
6 3 3
1 7 6
9 7 4
7 5 4
9 8 6
5 5 9
3 6 10
7 8 8
10 8 1
3 1 9
5 9 6
3 8 10
7 10 1
2 7 4
3 9 5
8 8 7
7 3 4
5 7 12
1 4 3
5 10 67
7 3 1
5 4 94
6 2 9
7 4 4
3 4 6
8 10 5
2 5 5
1 1 73
4 6 6
10 6 3
1 7 9
8 4 4
5 5 1
2 5 15
3 8 1
4 9 8
7 10 10
8 7 25
1 2 3
4 6 6
8 9 7
8 5 9
2 1 5
1 8 6
1 8 8
2 10 2
4 7 91
3 1 4
7 6 22
4 2 5
8 7 9
3 9 3
10 7 5
2 1 8
5 7 3
10 3 6
7 2 5
1 10 69
6 6 9
5 3 5
5 4 11
9 2 5
2 2 25
1 7 4
9 10 6
10 4 8
5 6 9
9 10 8
3 3 3
9 8 3
4 4 9
7 1 2
8 10 10
10 2 7
10 10 39
10 8 10
1 6 5
3 5 10
3 8 5
3 3 7
2 10 9
6 4 8
5 6 9
4 3 5
2 4 7
7 6 4
2 2 9
8 4 81
10 3 2
4 5 10
10 8 22
6 2 6
5 1 3
6 1 100
8 1 2
7 6 8
7 10 3
1 5 5
4 7 4
8 6 3
7 9 9
5 10 98
10 5 10
8 9 10
4 9 3
5 9 1
5 4 8
3 2 4
10 1 5
2 4 26
1 8 2
8 4 5
4 10 2
5 1 6
6 4 73
8 7 7
7 1 7
6 5 4
10 7 9
7 10 3
10 7 1
3 7 4
2 6 1
8 4 8
4 2 4
1 3 6
8 2 7
2 6 10
7 4 4
4 6 7
8 5 8
10 2 7
8 2 2
6 3 9
1 8 62
7 5 8
2 6 40
1 8 3
9 2 9
2 6 10
3 1 2
7 6 2
10 9 7
1 6 1
8 6 1
10 7 7
2 4 9
1 1 36
1 6 1
7 4 71
8 7 69
5 10 2
7 4 7
8 6 5
4 10 98
3 5 1
2 1 1
9 1 9
2 3 2
4 10 5
10 8 66
7 3 10
1 10 9
4 10 3
1 4 6
8 9 10
7 9 7
1 7 9
10 7 6
8 2 3
2 4 10
9 5 8
8 6 3
3 4 10
8 3 2
6 9 5
2 9 2
9 10 6
8 8 7
1 6 6
7 8 91
7 7 3
4 4 1
10 6 9
1 8 1
5 4 3
4 7 2
3 9 9
4 3 6
9 3 3
1 2 4
2 6 5
10 9 3
9 10 10
9 8 5
4 9 9
10 1 5
9 8 6
8 9 29
1 10 6
8 4 1
10 8 7
4 3 2
10 8 10
5 4 66
2 6 4
6 6 2
6 5 7
1 3 7
7 2 21
8 2 5
3 10 8
3 4 5
7 2 4
2 2 2
10 7 6
4 1 1
4 2 2
4 9 1
1 4 10
2 5 6
9 2 98
6 9 3
4 10 10
10 7 5
4 2 4
3 9 6
3 5 46
1 10 61
5 2 8
4 1 2
7 10 17
4 9 5
7 8 1
7 4 63
3 9 6
4 1 2
8 5 10
4 8 10
10 3 1
7 9 1
7 3 7
7 8 1
3 8 12
4 4 4
1 3 10
8 4 9
1 6 6
2 9 8
1 8 8
4 8 2
9 4 8
3 9 9
6 8 8
5 9 7
3 8 2
8 3 10
2 2 6
3 1 2
4 5 9
8 3 10
6 9 38
5 9 2
7 1 7
2 6 6
5 5 9
9 9 4
4 2 40
8 10 10
9 1 47
1 6 2
4 7 10
9 5 1
1 4 9
1 8 5
8 6 3
4 4 1
9 9 60
6 4 6
3 1 27
1 10 27
4 5 1
2 8 7
2 5 3
1 1 95
7 10 9
9 5 8
3 5 1
5 1 8
10 4 65
4 5 9
9 1 56
6 5 4
10 1 5
1 6 10
9 1 5
10 1 3
2 6 3
10 1 1
6 5 2
2 5 4
6 7 6
1 10 8
1 2 1
9 8 7
10 9 7
5 8 47
4 9 9
7 4 92
7 9 10
4 3 58
10 7 3
5 6 2
9 5 53
10 10 5
8 5 9
2 9 73
2 2 1
10 1 10
7 4 12
1 2 7
6 6 7
10 3 7
9 2 10
2 8 9
1 10 53
4 5 2
9 4 43
10 4 6
8 5 3
10 5 13
8 4 4
4 7 1
3 1 9
10 7 6
1 6 38
4 8 3
10 3 66
5 9 5
5 4 2
1 1 9
2 5 7
1 9 6
6 9 6
10 1 86
6 6 2
1 2 2
5 6 2
2 2 9
8 3 6
5 9 4
5 7 3
8 2 7
7 4 6
3 10 4
1 10 3
8 6 9
10 6 3
2 2 9
5 7 3
10 9 32
9 3 10
1 3 2
6 3 8
5 10 1
9 4 10
8 7 5
9 3 80
7 10 5
10 2 1
2 4 7
9 7 3
10 6 10
5 9 85
2 10 76
1 5 6
2 5 62
1 10 6
8 5 7
3 8 10
7 9 8
10 3 2
8 1 8
2 4 7
5 2 6
3 9 3
4 10 72
3 5 6
3 9 6
5 9 7
4 6 9
5 4 55
2 10 1
1 7 9
3 8 4
10 10 2
2 8 91
2 7 75
10 4 6
7 9 22
6 8 5
6 4 62
7 9 1
1 3 6
5 3 3
10 3 2
1 3 10
1 7 5
3 8 6
4 10 8
7 3 2
4 3 9
9 6 4
8 6 98
4 3 5
10 5 4
2 8 4
7 6 10
3 3 67
10 2 9
10 7 4
1 1 82
2 2 2
9 4 10
2 9 1
5 1 6
6 5 8
6 9 22
1 5 5
10 2 20
2 2 7
8 10 4
6 5 7
7 1 30
10 4 9
5 8 10
8 3 6
7 3 3
2 10 6
4 5 2
1 4 63
9 2 8
8 6 4
2 9 3
4 4 9
9 7 8
8 7 9
3 4 8
6 9 57
1 9 4
1 5 1
5 5 3
5 6 9
8 2 7
9 4 4
9 1 3
6 10 2
7 6 7
8 6 4
5 6 6
4 1 64
9 8 5
5 3 5
1 2 7
1 3 6
1 1 7
2 7 9
4 7 7
2 5 1
2 5 6
5 4 3
8 2 1
2 5 2
8 9 11
7 1 2
9 2 72
9 8 26
10 4 87
8 6 82
2 7 7
3 3 8
2 6 3
6 8 8
8 1 92
2 3 5
2 4 6
9 7 9
9 1 2
10 9 3
2 9 10
1 4 1
10 7 8
1 6 5
7 7 23
9 1 1
4 1 10
4 5 7
5 10 4
2 4 9
6 8 58
9 7 2
4 5 46
8 7 8
1 5 3
8 9 1
5 5 3
8 10 4
7 6 10
8 10 83
1 2 3
5 5 2
9 9 5
8 9 3
6 3 5
10 6 2
4 4 7
7 2 3
1 5 56
8 9 61
1 8 1
8 4 4
2 6 1
5 2 7
1 8 6
3 5 10
5 2 9
4 2 53
8 3 39
5 7 2
5 4 1
10 5 7
9 6 67
7 5 5
2 9 3
3 5 3
7 8 10
5 2 5
8 6 10
1 6 1
2 7 7
6 6 9
9 5 4
6 6 67
9 5 3
7 5 3
1 2 3
2 3 89
6 3 38
3 6 9
5 9 4
2 7 20
9 9 10
6 3 8
3 6 74
1 4 3
4 5 86
7 8 2
5 9 3
1 4 10
5 2 4
5 10 5
2 5 5
5 10 5
3 5 41
2 9 2
10 3 9
9 10 4
2 10 2
1 4 3
8 4 100
2 3 41
2 3 3
9 6 2
7 3 4
5 3 4
2 5 1
3 10 4
4 3 5
2 1 7
6 10 8
1 3 76
8 5 4
5 5 89
4 2 78
6 6 3
3 6 9
7 5 3
1 4 4
9 2 8
10 1 1
10 5 73
6 7 95
2 8 10
1 4 39
1 5 7
1 10 6
6 6 8
8 1 2
9 7 71
4 6 1
6 3 23
8 1 29
7 5 41
4 8 10
9 5 6
9 5 9
3 6 7
4 9 2
2 10 90
7 9 6
3 2 8
5 4 5
9 5 8
10 5 5
3 4 2
9 10 10
8 9 9
8 2 10
4 3 2
4 9 6
3 7 10
4 9 7
2 5 6
7 10 3
7 4 10
2 3 1
5 1 97
7 1 9
7 7 6
2 1 7
9 6 5
7 8 29
10 7 8
10 8 1
3 2 5
6 8 2
6 4 60
2 3 7
5 5 3
6 7 6
1 6 3
1 9 94
1 4 10
10 9 76
8 10 9
7 8 4
8 9 10
6 9 6
2 2 2
6 3 4
2 9 4
7 8 2
3 1 3
5 3 9
5 8 2
9 10 1
10 10 22
10 3 10
7 9 1
2 1 4
8 8 10
1 7 4
3 10 71
5 5 6
7 6 61
10 5 6
9 9 6
5 9 7
2 1 2
7 10 4
5 6 10
8 4 75
2 6 7
10 5 25
8 5 9
9 3 7
9 2 3
8 6 5
10 2 1
1 7 77
8 1 37
7 8 8
3 9 2
9 3 2
8 10 9
3 6 3
9 10 10
5 9 1
4 5 6
3 2 7
10 7 1
8 5 2
5 8 2
4 7 8
7 7 1
9 4 6
1 4 6
4 3 8
9 2 6
1 5 57
3 5 5
10 4 8
4 7 6
7 5 63
2 5 10
7 7 6
5 1 39
5 9 3
10 3 4
1 9 27
1 8 83
2 8 6
8 8 44
7 1 8
5 10 2
7 5 68
7 6 3
5 6 68
8 1 6
7 7 72
5 3 60
2 2 4
1 5 1
1 1 25
5 4 10
7 3 33
5 7 3
3 7 6
6 5 8
10 2 5
9 2 2
8 6 6
6 1 5
3 4 3
9 8 73
1 6 6
7 5 60
2 3 3
10 6 4
5 3 2
2 10 98
3 7 3
9 6 8
5 8 3
10 7 2
4 1 10
8 5 5
1 7 4
2 5 9
5 6 5
9 5 1
8 8 7
6 5 84
9 5 54
2 9 4
9 4 2
10 6 6
8 8 9
5 3 5
10 3 2
10 3 80
8 4 3
1 1 6
8 4 4
3 1 1
8 6 5
2 6 7
