150 1000 1
20 89 1
89 43 2
115 61 3
50 133 4
101 122 5
122 40 6
26 110 7
116 51 8
29 28 9
77 112 10
45 103 11
26 3 12
143 15 13
2 24 14
24 53 15
4 76 16
80 25 17
130 100 18
139 10 19
66 150 20
112 127 21
4 97 22
17 99 23
104 148 24
28 145 25
85 125 26
10 142 27
132 6 28
114 138 29
6 64 30
74 75 31
52 36 32
148 149 33
50 46 34
136 87 35
65 51 36
124 96 37
67 31 38
117 12 39
132 149 40
9 39 41
139 110 42
54 74 43
148 104 44
128 99 45
113 127 46
18 115 47
66 89 48
143 119 49
2 137 50
56 119 51
7 98 52
56 120 53
54 17 54
125 113 55
127 133 56
21 104 57
123 75 58
51 54 59
59 51 60
104 25 61
128 109 62
77 78 63
142 72 64
16 142 65
37 150 66
97 108 67
77 137 68
128 100 69
145 123 70
71 106 71
91 60 72
64 100 73
126 112 74
41 149 75
34 87 76
50 126 77
74 28 78
77 105 79
66 45 80
47 45 81
53 14 82
55 135 83
102 33 84
78 132 85
97 113 86
118 30 87
143 130 88
34 114 89
131 55 90
113 55 91
6 5 92
31 136 93
72 133 94
71 38 95
16 115 96
116 54 97
46 11 98
96 111 99
65 56 100
122 57 101
52 12 102
48 126 103
2 101 104
63 61 105
11 102 106
136 79 107
11 82 108
131 1 109
11 116 110
29 12 111
43 98 112
21 126 113
69 13 114
81 40 115
123 96 116
144 112 117
86 8 118
88 71 119
103 143 120
29 33 121
147 126 122
48 140 123
92 71 124
2 130 125
124 101 126
123 106 127
40 58 128
142 124 129
12 138 130
20 87 131
125 94 132
110 61 133
136 96 134
83 97 135
127 68 136
128 103 137
75 150 138
150 32 139
2 4 140
93 77 141
99 51 142
19 79 143
7 150 144
69 24 145
24 147 146
138 29 147
94 146 148
36 95 149
91 138 150
9 38 151
143 86 152
70 68 153
122 83 154
128 131 155
100 123 156
64 123 157
101 146 158
36 97 159
15 30 160
150 51 161
80 35 162
129 90 163
74 150 164
103 119 165
41 86 166
89 65 167
12 116 168
48 74 169
58 140 170
130 142 171
87 49 172
100 127 173
81 73 174
38 144 175
12 124 176
26 36 177
59 150 178
36 68 179
20 9 180
21 15 181
52 141 182
133 3 183
133 123 184
120 76 185
92 53 186
56 10 187
66 148 188
78 144 189
84 136 190
94 11 191
88 60 192
53 73 193
116 76 194
79 126 195
6 126 196
104 92 197
97 11 198
46 42 199
1 67 200
93 6 201
24 8 202
104 128 203
122 148 204
108 120 205
63 75 206
148 1 207
136 3 208
73 68 209
147 119 210
149 53 211
88 77 212
112 5 213
40 71 214
68 69 215
46 88 216
92 45 217
9 145 218
20 51 219
74 18 220
35 103 221
93 69 222
115 46 223
127 140 224
124 40 225
103 134 226
50 18 227
121 140 228
55 136 229
100 17 230
86 75 231
23 49 232
53 48 233
14 7 234
66 109 235
52 46 236
36 115 237
89 132 238
41 7 239
135 91 240
112 118 241
60 101 242
119 115 243
138 13 244
125 147 245
90 99 246
121 88 247
65 146 248
16 133 249
142 103 250
107 96 251
25 21 252
18 2 253
143 113 254
70 53 255
63 150 256
139 109 257
69 64 258
8 70 259
147 28 260
14 45 261
95 134 262
39 25 263
107 49 264
50 81 265
8 3 266
31 35 267
3 123 268
70 94 269
34 136 270
95 118 271
83 59 272
93 80 273
72 110 274
104 53 275
126 72 276
142 29 277
26 128 278
62 83 279
12 129 280
106 97 281
128 105 282
135 107 283
70 98 284
84 66 285
34 103 286
75 147 287
63 1 288
58 129 289
148 107 290
121 24 291
48 136 292
19 111 293
80 73 294
121 102 295
114 44 296
20 103 297
131 100 298
60 40 299
85 111 300
63 117 301
23 109 302
52 79 303
38 60 304
69 112 305
38 44 306
61 11 307
57 148 308
130 48 309
34 14 310
50 55 311
140 136 312
107 93 313
17 128 314
28 9 315
95 18 316
29 10 317
150 2 318
117 96 319
56 22 320
40 52 321
138 116 322
70 50 323
72 70 324
129 75 325
34 80 326
144 5 327
72 88 328
19 146 329
130 83 330
31 129 331
140 91 332
118 85 333
80 80 334
74 76 335
89 78 336
139 28 337
67 136 338
132 89 339
36 101 340
101 23 341
35 126 342
71 26 343
51 66 344
68 29 345
47 131 346
124 62 347
117 21 348
48 113 349
143 94 350
79 112 351
63 55 352
126 150 353
19 36 354
90 104 355
48 95 356
149 132 357
118 3 358
108 24 359
75 23 360
134 59 361
61 55 362
74 67 363
28 39 364
87 138 365
31 138 366
136 5 367
129 35 368
69 137 369
13 132 370
57 51 371
67 140 372
106 104 373
118 86 374
149 66 375
67 85 376
115 77 377
52 8 378
139 111 379
102 96 380
85 21 381
93 16 382
97 100 383
79 48 384
10 90 385
41 18 386
79 126 387
58 129 388
55 104 389
146 118 390
58 9 391
70 108 392
105 23 393
122 32 394
68 90 395
125 24 396
6 97 397
119 25 398
98 54 399
14 65 400
95 101 401
150 48 402
47 143 403
92 124 404
60 57 405
53 114 406
26 144 407
23 107 408
148 127 409
34 87 410
113 128 411
54 45 412
50 82 413
104 147 414
123 121 415
56 76 416
117 143 417
117 20 418
55 87 419
15 125 420
36 52 421
48 105 422
61 20 423
135 130 424
21 36 425
56 37 426
74 32 427
74 21 428
95 33 429
100 49 430
4 115 431
20 91 432
52 80 433
19 14 434
59 63 435
48 97 436
95 101 437
94 147 438
36 15 439
90 148 440
62 121 441
47 45 442
49 95 443
90 76 444
106 106 445
39 137 446
75 11 447
59 3 448
139 43 449
45 99 450
149 61 451
149 13 452
148 83 453
34 78 454
11 53 455
97 33 456
16 48 457
5 85 458
38 62 459
85 29 460
91 66 461
68 103 462
83 146 463
18 14 464
38 119 465
124 28 466
99 58 467
122 15 468
141 69 469
80 8 470
73 83 471
88 109 472
138 46 473
108 59 474
135 136 475
145 128 476
80 142 477
68 106 478
56 118 479
52 124 480
120 144 481
26 61 482
145 35 483
74 47 484
49 107 485
103 114 486
126 102 487
18 55 488
16 140 489
149 62 490
105 149 491
117 95 492
63 36 493
149 44 494
92 54 495
37 138 496
39 145 497
90 72 498
44 42 499
140 141 500
16 43 501
32 16 502
90 132 503
53 87 504
38 128 505
119 37 506
8 93 507
36 54 508
66 135 509
55 100 510
133 75 511
20 98 512
150 31 513
88 60 514
94 150 515
22 63 516
15 150 517
150 12 518
1 96 519
13 5 520
75 43 521
114 120 522
55 93 523
147 66 524
130 64 525
133 64 526
41 13 527
29 148 528
5 52 529
24 9 530
116 45 531
4 116 532
34 143 533
102 75 534
61 103 535
106 65 536
126 56 537
84 75 538
5 78 539
65 11 540
110 147 541
103 22 542
109 65 543
61 137 544
23 57 545
147 39 546
11 92 547
121 25 548
82 137 549
37 12 550
85 13 551
21 106 552
129 55 553
76 145 554
116 96 555
133 139 556
128 3 557
12 103 558
42 150 559
38 114 560
54 69 561
14 105 562
43 50 563
87 66 564
77 2 565
80 55 566
91 147 567
50 57 568
65 137 569
56 150 570
130 84 571
132 68 572
21 110 573
61 121 574
50 20 575
107 119 576
131 24 577
68 69 578
28 3 579
19 85 580
92 24 581
29 132 582
108 83 583
141 98 584
84 127 585
31 72 586
1 109 587
135 92 588
27 109 589
27 40 590
38 38 591
71 8 592
2 21 593
100 75 594
131 86 595
112 83 596
11 53 597
37 78 598
2 68 599
19 47 600
68 127 601
52 57 602
135 85 603
89 18 604
62 19 605
45 14 606
60 124 607
107 107 608
133 68 609
134 106 610
79 88 611
131 112 612
136 91 613
69 149 614
2 135 615
84 124 616
13 37 617
6 4 618
5 101 619
98 41 620
46 86 621
73 46 622
4 49 623
102 147 624
118 54 625
139 48 626
104 67 627
1 144 628
101 146 629
76 83 630
36 18 631
21 50 632
15 116 633
124 18 634
10 144 635
55 78 636
109 37 637
124 99 638
124 92 639
46 128 640
37 60 641
74 72 642
65 120 643
35 106 644
54 146 645
121 25 646
30 112 647
111 4 648
52 119 649
77 25 650
72 90 651
13 65 652
3 123 653
22 81 654
86 111 655
72 52 656
134 62 657
88 106 658
106 23 659
24 108 660
62 115 661
103 55 662
31 88 663
123 48 664
52 79 665
126 115 666
108 1 667
113 40 668
58 76 669
30 144 670
126 107 671
105 94 672
21 66 673
20 60 674
1 85 675
80 102 676
102 111 677
47 139 678
109 128 679
150 32 680
58 138 681
123 104 682
116 60 683
56 60 684
105 140 685
84 3 686
43 146 687
22 94 688
21 55 689
35 65 690
26 87 691
22 101 692
8 29 693
86 82 694
7 60 695
46 140 696
60 104 697
43 107 698
132 34 699
149 123 700
4 1 701
79 16 702
135 19 703
64 47 704
26 41 705
70 73 706
87 57 707
128 98 708
39 14 709
111 138 710
65 60 711
82 29 712
84 59 713
137 9 714
150 98 715
55 25 716
101 109 717
118 87 718
101 29 719
42 39 720
110 146 721
88 104 722
6 70 723
100 133 724
23 21 725
150 68 726
90 108 727
143 143 728
102 31 729
110 103 730
52 121 731
29 35 732
6 90 733
140 81 734
20 27 735
9 36 736
11 104 737
56 67 738
121 76 739
11 116 740
120 64 741
108 18 742
34 20 743
66 56 744
136 96 745
79 78 746
101 37 747
50 5 748
129 102 749
114 108 750
88 103 751
24 27 752
85 126 753
104 105 754
86 22 755
112 45 756
72 23 757
98 34 758
1 2 759
65 87 760
140 86 761
147 65 762
91 104 763
22 78 764
76 141 765
146 72 766
149 129 767
20 20 768
52 72 769
77 101 770
72 81 771
43 6 772
103 69 773
69 55 774
143 22 775
64 83 776
118 65 777
93 95 778
131 45 779
20 148 780
7 87 781
83 108 782
13 107 783
141 42 784
114 25 785
54 85 786
27 56 787
82 132 788
88 87 789
150 19 790
96 144 791
87 104 792
88 23 793
104 35 794
150 109 795
129 111 796
43 66 797
130 39 798
106 61 799
116 143 800
42 150 801
114 61 802
104 43 803
52 32 804
95 22 805
89 82 806
77 126 807
4 104 808
36 31 809
126 26 810
4 106 811
140 50 812
105 124 813
14 27 814
71 15 815
134 89 816
32 4 817
12 21 818
86 84 819
15 84 820
49 146 821
110 57 822
15 88 823
8 128 824
127 84 825
20 126 826
69 129 827
86 135 828
149 109 829
24 16 830
28 136 831
76 51 832
137 57 833
129 89 834
120 119 835
54 100 836
3 97 837
62 60 838
112 110 839
149 90 840
27 109 841
116 11 842
115 75 843
21 92 844
10 46 845
135 58 846
52 3 847
11 69 848
6 105 849
18 78 850
119 124 851
98 61 852
25 19 853
117 39 854
47 87 855
34 74 856
102 24 857
62 79 858
132 124 859
142 76 860
74 20 861
148 137 862
15 89 863
150 121 864
67 94 865
91 140 866
133 129 867
96 107 868
83 70 869
138 67 870
16 22 871
43 34 872
14 64 873
79 99 874
9 17 875
137 19 876
91 144 877
136 126 878
70 128 879
46 54 880
102 108 881
147 141 882
3 103 883
89 108 884
77 88 885
42 66 886
63 130 887
116 107 888
43 1 889
132 6 890
30 89 891
99 19 892
129 44 893
66 50 894
137 150 895
23 66 896
139 115 897
29 55 898
126 81 899
124 39 900
93 35 901
76 65 902
52 105 903
114 124 904
51 9 905
91 142 906
80 18 907
32 129 908
85 4 909
110 55 910
67 114 911
30 29 912
106 57 913
2 5 914
28 38 915
108 98 916
41 37 917
23 27 918
105 101 919
76 127 920
15 4 921
17 99 922
45 64 923
43 120 924
7 25 925
31 123 926
128 55 927
107 30 928
96 122 929
74 88 930
34 96 931
119 81 932
71 64 933
24 37 934
1 37 935
126 68 936
77 13 937
28 109 938
92 62 939
99 86 940
60 82 941
32 4 942
3 20 943
4 146 944
17 110 945
25 19 946
86 74 947
78 75 948
130 99 949
97 27 950
128 140 951
16 83 952
46 108 953
67 21 954
19 127 955
23 69 956
4 113 957
124 87 958
40 117 959
88 41 960
94 134 961
109 13 962
56 98 963
93 149 964
144 103 965
111 107 966
43 48 967
121 41 968
145 105 969
118 136 970
140 86 971
30 52 972
68 33 973
76 81 974
54 18 975
58 77 976
69 81 977
38 45 978
19 9 979
104 131 980
43 11 981
100 35 982
37 64 983
141 106 984
66 1 985
2 112 986
4 6 987
42 119 988
46 85 989
79 62 990
141 139 991
80 94 992
13 70 993
31 4 994
59 74 995
96 129 996
35 7 997
33 42 998
110 117 999
29 118 1000
88 125 29
