150 1000 1
55 5 1
70 142 2
14 93 3
68 78 4
99 86 5
16 126 6
98 47 7
48 51 8
83 125 9
108 93 10
128 19 11
56 73 12
4 80 13
102 144 14
22 73 15
9 37 16
70 75 17
67 95 18
130 22 19
115 95 20
34 133 21
65 65 22
79 16 23
22 49 24
91 15 25
142 89 26
48 20 27
2 101 28
1 105 29
111 120 30
15 148 31
14 78 32
96 123 33
60 53 34
84 1 35
101 118 36
12 30 37
119 125 38
54 134 39
12 132 40
54 16 41
46 52 42
85 11 43
34 112 44
3 72 45
103 15 46
61 67 47
107 135 48
39 146 49
99 32 50
99 136 51
46 5 52
53 135 53
77 19 54
46 110 55
63 38 56
20 125 57
141 143 58
44 135 59
84 131 60
111 140 61
63 38 62
109 46 63
61 97 64
92 56 65
26 64 66
63 46 67
81 46 68
137 56 69
25 80 70
137 121 71
18 104 72
107 33 73
73 120 74
45 84 75
57 104 76
56 30 77
82 50 78
61 85 79
129 70 80
64 144 81
123 136 82
114 142 83
24 124 84
117 8 85
113 131 86
128 17 87
20 110 88
127 110 89
109 129 90
93 76 91
119 95 92
88 3 93
12 65 94
66 93 95
18 50 96
142 109 97
96 21 98
53 48 99
34 134 100
35 40 101
126 28 102
81 50 103
24 132 104
98 55 105
144 103 106
75 57 107
43 21 108
70 3 109
108 147 110
20 21 111
78 100 112
47 29 113
124 47 114
84 32 115
82 150 116
95 73 117
41 96 118
148 78 119
40 139 120
115 93 121
11 80 122
71 69 123
25 138 124
14 53 125
103 54 126
123 70 127
49 122 128
87 47 129
79 40 130
59 11 131
72 92 132
117 107 133
28 137 134
87 69 135
37 113 136
121 146 137
99 114 138
87 80 139
84 102 140
66 115 141
118 24 142
103 115 143
9 136 144
129 96 145
86 135 146
92 40 147
3 87 148
137 125 149
9 79 150
32 107 151
137 129 152
46 78 153
107 64 154
36 140 155
79 141 156
70 69 157
66 101 158
20 144 159
12 83 160
25 106 161
115 132 162
100 42 163
149 111 164
107 131 165
37 77 166
24 85 167
28 129 168
33 36 169
126 26 170
149 137 171
113 32 172
18 103 173
98 45 174
21 121 175
87 107 176
61 17 177
10 123 178
45 77 179
106 98 180
45 47 181
50 87 182
40 10 183
145 105 184
6 108 185
132 48 186
24 129 187
61 112 188
37 32 189
143 75 190
78 27 191
86 52 192
84 52 193
69 29 194
43 76 195
25 50 196
117 103 197
47 85 198
106 13 199
71 92 200
91 8 201
80 115 202
92 79 203
139 117 204
31 36 205
68 142 206
102 131 207
134 87 208
147 74 209
82 66 210
107 90 211
104 36 212
106 74 213
147 67 214
31 38 215
94 56 216
44 50 217
30 16 218
13 64 219
18 69 220
27 19 221
132 70 222
118 119 223
31 29 224
77 108 225
80 44 226
61 137 227
9 31 228
8 114 229
147 130 230
53 60 231
56 2 232
55 23 233
134 9 234
65 39 235
12 44 236
78 100 237
83 81 238
30 118 239
85 20 240
57 91 241
100 68 242
119 58 243
34 49 244
121 87 245
114 79 246
46 28 247
114 88 248
94 13 249
15 4 250
108 86 251
42 103 252
40 24 253
44 24 254
78 119 255
41 134 256
49 121 257
107 140 258
5 11 259
10 50 260
55 4 261
94 66 262
148 72 263
58 140 264
48 131 265
142 149 266
116 99 267
138 131 268
31 133 269
94 27 270
66 22 271
74 35 272
81 60 273
87 35 274
11 145 275
111 20 276
90 20 277
86 85 278
79 148 279
5 41 280
3 18 281
19 12 282
149 3 283
17 81 284
39 44 285
72 46 286
148 58 287
28 136 288
30 95 289
47 97 290
61 36 291
118 12 292
118 15 293
30 14 294
41 25 295
130 55 296
128 145 297
60 12 298
95 147 299
40 120 300
14 22 301
73 30 302
57 50 303
105 75 304
54 25 305
140 140 306
61 45 307
3 150 308
33 70 309
93 64 310
105 18 311
48 104 312
140 22 313
20 140 314
10 26 315
105 93 316
23 57 317
130 59 318
130 84 319
100 4 320
13 96 321
89 29 322
82 135 323
11 144 324
92 55 325
13 141 326
3 133 327
114 110 328
37 127 329
111 106 330
133 130 331
137 113 332
131 54 333
54 39 334
99 141 335
13 50 336
47 47 337
77 70 338
146 72 339
77 89 340
18 73 341
135 127 342
116 107 343
123 116 344
37 114 345
34 8 346
132 111 347
50 7 348
104 76 349
113 103 350
147 80 351
35 39 352
12 61 353
144 17 354
21 45 355
94 118 356
135 149 357
132 117 358
147 87 359
132 85 360
135 27 361
100 59 362
11 17 363
33 12 364
139 33 365
10 35 366
40 119 367
33 136 368
30 18 369
119 79 370
11 57 371
81 53 372
148 77 373
80 34 374
6 33 375
48 33 376
10 114 377
108 31 378
20 102 379
98 132 380
132 77 381
30 20 382
122 42 383
146 59 384
89 41 385
72 106 386
98 71 387
29 80 388
75 54 389
130 96 390
75 100 391
41 30 392
92 58 393
99 12 394
63 40 395
66 125 396
127 111 397
110 34 398
141 74 399
53 12 400
8 14 401
14 142 402
132 95 403
1 74 404
122 97 405
6 115 406
82 35 407
18 64 408
42 30 409
120 45 410
100 25 411
48 48 412
70 142 413
129 83 414
41 4 415
73 134 416
123 136 417
31 76 418
131 17 419
5 17 420
139 95 421
27 130 422
105 148 423
97 108 424
120 19 425
78 42 426
85 101 427
59 137 428
1 93 429
40 100 430
17 131 431
105 3 432
18 146 433
148 61 434
23 16 435
36 55 436
29 84 437
83 131 438
5 30 439
150 27 440
134 133 441
119 17 442
29 20 443
76 52 444
148 112 445
120 51 446
61 113 447
131 82 448
25 16 449
100 109 450
41 121 451
133 74 452
72 28 453
3 142 454
72 78 455
91 135 456
108 54 457
96 57 458
112 133 459
131 68 460
2 47 461
53 86 462
64 92 463
78 5 464
146 107 465
106 44 466
11 66 467
21 27 468
17 120 469
8 43 470
82 120 471
24 50 472
50 129 473
35 81 474
96 115 475
147 23 476
99 54 477
48 128 478
85 102 479
95 56 480
109 82 481
135 67 482
12 120 483
69 141 484
47 29 485
11 47 486
74 97 487
128 126 488
48 113 489
40 67 490
75 37 491
36 108 492
48 148 493
37 136 494
62 69 495
71 126 496
62 7 497
123 44 498
5 76 499
4 125 500
40 21 501
31 143 502
40 141 503
5 102 504
24 141 505
82 123 506
107 83 507
122 121 508
70 109 509
125 6 510
119 35 511
7 23 512
1 85 513
149 147 514
116 4 515
7 10 516
25 73 517
93 135 518
16 118 519
65 60 520
48 110 521
64 131 522
104 114 523
30 142 524
67 95 525
28 36 526
40 84 527
40 45 528
138 5 529
16 118 530
85 73 531
136 147 532
15 88 533
150 147 534
122 32 535
26 92 536
107 92 537
124 143 538
38 18 539
115 76 540
25 57 541
97 94 542
149 28 543
147 121 544
84 43 545
133 114 546
21 44 547
122 22 548
19 48 549
108 91 550
77 52 551
25 19 552
101 73 553
42 26 554
49 45 555
32 127 556
129 75 557
11 68 558
63 41 559
18 5 560
45 128 561
100 69 562
79 23 563
67 11 564
44 68 565
16 48 566
67 92 567
15 124 568
81 118 569
57 23 570
77 77 571
70 103 572
44 94 573
124 97 574
99 78 575
26 33 576
133 8 577
113 97 578
81 11 579
21 104 580
2 149 581
29 135 582
10 42 583
149 51 584
96 68 585
47 28 586
27 135 587
133 97 588
22 145 589
143 28 590
9 100 591
123 148 592
86 70 593
32 103 594
14 37 595
99 48 596
114 111 597
76 106 598
89 123 599
124 122 600
13 61 601
129 51 602
133 121 603
19 95 604
92 14 605
2 123 606
24 68 607
86 128 608
12 81 609
149 92 610
130 25 611
14 79 612
54 30 613
96 103 614
134 134 615
42 21 616
93 110 617
47 11 618
50 131 619
101 93 620
104 40 621
40 118 622
26 16 623
61 36 624
82 105 625
43 92 626
17 93 627
48 78 628
108 33 629
48 84 630
11 97 631
131 110 632
134 58 633
87 110 634
79 6 635
57 48 636
84 96 637
125 97 638
11 145 639
71 142 640
83 149 641
118 147 642
73 90 643
91 104 644
82 119 645
51 149 646
64 37 647
76 125 648
65 127 649
103 20 650
87 51 651
124 65 652
96 131 653
92 67 654
143 29 655
115 30 656
35 145 657
35 24 658
100 57 659
144 66 660
12 135 661
81 77 662
141 117 663
121 90 664
45 99 665
27 50 666
55 126 667
147 142 668
134 119 669
72 57 670
32 108 671
111 77 672
75 94 673
78 109 674
28 81 675
113 74 676
82 72 677
135 91 678
119 13 679
61 79 680
70 135 681
32 146 682
67 93 683
25 55 684
122 2 685
134 61 686
57 114 687
4 73 688
135 83 689
9 72 690
24 59 691
109 76 692
10 150 693
138 11 694
57 32 695
89 6 696
63 90 697
148 56 698
18 23 699
83 6 700
104 129 701
139 11 702
26 40 703
96 133 704
49 118 705
57 106 706
66 1 707
136 144 708
30 13 709
21 17 710
131 73 711
84 149 712
150 131 713
126 65 714
39 30 715
73 97 716
55 93 717
37 63 718
14 142 719
64 75 720
17 144 721
83 141 722
17 43 723
24 46 724
89 24 725
120 50 726
150 80 727
51 79 728
87 37 729
94 112 730
24 106 731
48 118 732
95 3 733
3 52 734
46 120 735
90 149 736
101 90 737
47 55 738
72 52 739
22 126 740
19 118 741
17 46 742
120 109 743
36 47 744
65 62 745
121 5 746
86 141 747
22 79 748
31 57 749
85 122 750
94 5 751
97 130 752
101 124 753
41 117 754
73 73 755
73 124 756
49 9 757
62 53 758
79 97 759
72 115 760
52 60 761
65 104 762
99 66 763
135 26 764
36 3 765
109 51 766
98 116 767
52 92 768
61 128 769
58 83 770
48 142 771
143 40 772
92 76 773
97 114 774
1 119 775
71 123 776
85 142 777
10 107 778
23 62 779
46 23 780
60 115 781
68 22 782
94 107 783
140 81 784
10 114 785
2 124 786
121 94 787
106 108 788
42 38 789
41 33 790
138 118 791
16 36 792
20 99 793
75 114 794
15 147 795
8 74 796
41 75 797
119 100 798
4 141 799
58 46 800
108 117 801
16 38 802
98 24 803
125 149 804
27 61 805
120 41 806
92 79 807
149 22 808
40 101 809
60 80 810
15 141 811
147 50 812
130 1 813
53 59 814
11 109 815
144 7 816
80 73 817
117 35 818
4 4 819
90 52 820
88 76 821
145 52 822
84 114 823
99 85 824
77 29 825
102 10 826
12 56 827
129 24 828
26 114 829
43 139 830
84 111 831
55 116 832
85 92 833
96 116 834
143 136 835
28 76 836
100 118 837
141 64 838
146 65 839
125 78 840
133 72 841
113 50 842
94 15 843
113 112 844
29 87 845
47 17 846
91 113 847
78 132 848
31 63 849
54 69 850
100 49 851
92 1 852
21 55 853
3 2 854
127 119 855
37 47 856
122 102 857
94 94 858
82 36 859
94 140 860
120 133 861
129 125 862
79 140 863
36 84 864
74 87 865
127 16 866
81 1 867
25 29 868
22 52 869
86 70 870
44 55 871
122 88 872
42 84 873
123 27 874
126 99 875
98 113 876
47 94 877
49 29 878
46 13 879
27 18 880
51 126 881
130 16 882
21 142 883
78 75 884
109 77 885
15 96 886
93 119 887
124 82 888
22 59 889
16 17 890
30 11 891
134 117 892
6 109 893
20 51 894
90 145 895
43 70 896
83 70 897
133 83 898
120 70 899
93 83 900
68 3 901
11 77 902
138 112 903
62 99 904
107 133 905
97 70 906
76 111 907
40 60 908
123 24 909
132 110 910
41 131 911
46 94 912
60 38 913
147 15 914
78 78 915
49 7 916
37 89 917
98 47 918
57 67 919
10 126 920
125 55 921
46 79 922
64 75 923
144 136 924
112 54 925
113 119 926
75 89 927
138 144 928
113 144 929
40 15 930
10 68 931
22 62 932
16 63 933
75 56 934
146 144 935
69 125 936
103 86 937
138 106 938
109 99 939
12 6 940
13 50 941
149 92 942
73 71 943
150 17 944
44 60 945
55 86 946
32 55 947
105 79 948
57 42 949
132 13 950
130 16 951
112 122 952
149 130 953
150 15 954
140 70 955
68 55 956
54 14 957
51 9 958
123 38 959
132 40 960
89 126 961
9 90 962
105 14 963
22 110 964
143 58 965
100 9 966
67 147 967
134 50 968
55 87 969
20 43 970
107 68 971
115 53 972
108 23 973
35 6 974
102 61 975
11 65 976
60 35 977
25 69 978
126 102 979
30 26 980
6 18 981
35 8 982
101 68 983
24 141 984
143 4 985
57 109 986
17 37 987
89 124 988
97 83 989
12 75 990
69 24 991
85 76 992
107 118 993
32 6 994
7 81 995
34 134 996
75 27 997
97 140 998
54 16 999
12 53 1000
147 124 937
