150 1000 1
18 65 1
39 92 2
94 47 3
78 37 4
44 88 5
96 32 6
92 73 7
88 135 8
23 47 9
7 129 10
149 134 11
56 109 12
148 59 13
15 139 14
41 18 15
32 29 16
18 35 17
68 52 18
88 8 19
8 7 20
69 128 21
41 123 22
80 20 23
54 28 24
85 56 25
34 59 26
22 13 27
105 85 28
105 142 29
143 98 30
8 146 31
76 91 32
25 26 33
104 73 34
63 42 35
65 65 36
78 10 37
143 129 38
63 33 39
114 41 40
134 56 41
37 39 42
90 20 43
126 110 44
129 92 45
113 107 46
58 95 47
103 143 48
147 90 49
133 5 50
73 100 51
136 79 52
95 81 53
62 47 54
102 3 55
148 17 56
143 43 57
47 9 58
61 122 59
79 30 60
6 23 61
51 51 62
108 148 63
128 38 64
143 150 65
15 120 66
3 113 67
132 72 68
119 116 69
34 148 70
92 92 71
53 122 72
52 122 73
3 123 74
81 12 75
30 8 76
4 1 77
2 149 78
127 139 79
87 33 80
33 45 81
132 76 82
118 105 83
38 49 84
85 17 85
38 103 86
87 48 87
108 6 88
116 130 89
48 60 90
87 113 91
130 63 92
42 134 93
41 110 94
79 73 95
9 90 96
104 3 97
9 103 98
70 29 99
81 75 100
127 31 101
108 2 102
115 94 103
9 120 104
23 28 105
137 98 106
123 41 107
148 46 108
82 41 109
12 107 110
66 88 111
79 137 112
61 7 113
44 130 114
38 50 115
45 110 116
94 133 117
101 73 118
130 11 119
144 5 120
25 40 121
129 37 122
41 77 123
115 85 124
93 54 125
4 137 126
131 33 127
123 40 128
6 71 129
8 142 130
36 44 131
35 122 132
100 43 133
150 82 134
88 13 135
146 71 136
24 135 137
91 112 138
16 74 139
130 70 140
22 113 141
41 18 142
55 50 143
127 52 144
91 36 145
97 109 146
62 115 147
83 115 148
127 43 149
60 145 150
144 106 151
133 62 152
22 9 153
48 15 154
34 86 155
91 32 156
63 25 157
12 100 158
2 78 159
95 80 160
32 71 161
33 41 162
126 78 163
13 95 164
53 10 165
144 150 166
97 143 167
134 113 168
67 7 169
15 34 170
49 109 171
124 106 172
132 20 173
39 23 174
63 114 175
27 132 176
113 90 177
39 29 178
72 28 179
116 24 180
88 81 181
73 21 182
5 122 183
133 92 184
75 144 185
48 118 186
11 68 187
64 11 188
38 77 189
39 12 190
68 20 191
28 4 192
46 52 193
86 139 194
42 86 195
83 112 196
147 139 197
26 148 198
31 63 199
124 105 200
62 88 201
26 79 202
103 114 203
149 150 204
72 131 205
1 144 206
23 33 207
59 44 208
15 93 209
32 51 210
80 66 211
4 142 212
134 26 213
5 117 214
77 122 215
22 141 216
22 80 217
36 54 218
95 96 219
10 120 220
96 2 221
90 3 222
54 74 223
78 87 224
15 16 225
107 88 226
10 69 227
115 51 228
28 68 229
67 57 230
125 80 231
84 48 232
104 92 233
123 115 234
83 20 235
52 148 236
1 83 237
11 5 238
67 100 239
6 4 240
74 58 241
120 54 242
105 78 243
75 45 244
18 129 245
13 137 246
73 30 247
92 140 248
132 73 249
22 84 250
66 42 251
86 99 252
93 131 253
41 6 254
34 37 255
49 122 256
20 95 257
85 10 258
19 49 259
82 114 260
144 5 261
134 132 262
117 72 263
98 100 264
88 150 265
108 140 266
106 12 267
15 92 268
28 95 269
133 11 270
143 67 271
147 116 272
95 140 273
3 34 274
8 41 275
109 39 276
46 4 277
43 34 278
138 142 279
67 134 280
92 45 281
64 79 282
117 102 283
49 115 284
94 37 285
63 68 286
116 55 287
16 1 288
109 74 289
137 76 290
90 28 291
3 16 292
142 108 293
129 52 294
12 116 295
135 31 296
40 125 297
64 104 298
7 102 299
105 12 300
11 117 301
98 71 302
138 92 303
60 12 304
136 134 305
40 103 306
53 49 307
67 15 308
122 149 309
21 124 310
66 96 311
77 53 312
21 117 313
37 67 314
40 96 315
123 125 316
117 118 317
113 53 318
143 62 319
82 118 320
132 70 321
87 39 322
129 97 323
96 39 324
19 49 325
57 130 326
79 103 327
46 96 328
6 11 329
105 142 330
39 94 331
120 51 332
129 137 333
105 4 334
148 146 335
80 92 336
4 112 337
79 108 338
88 80 339
109 114 340
117 29 341
126 61 342
71 94 343
147 79 344
69 60 345
65 56 346
29 134 347
134 78 348
79 17 349
47 77 350
4 69 351
103 80 352
70 17 353
39 55 354
77 120 355
149 132 356
35 2 357
132 57 358
104 27 359
31 36 360
81 122 361
69 121 362
118 1 363
60 74 364
20 24 365
34 17 366
76 85 367
84 44 368
137 102 369
99 77 370
78 132 371
116 76 372
137 127 373
50 80 374
98 2 375
51 75 376
110 144 377
92 103 378
95 24 379
103 80 380
65 76 381
137 87 382
59 91 383
101 116 384
72 115 385
64 43 386
71 40 387
149 44 388
106 22 389
128 10 390
43 66 391
24 37 392
92 57 393
3 121 394
48 8 395
25 5 396
28 65 397
18 1 398
85 32 399
38 65 400
111 13 401
28 23 402
20 48 403
15 57 404
54 139 405
137 66 406
60 106 407
20 86 408
77 59 409
26 133 410
131 55 411
58 81 412
141 143 413
76 129 414
49 110 415
83 132 416
36 81 417
115 7 418
119 6 419
33 23 420
43 35 421
28 33 422
51 10 423
130 88 424
133 75 425
126 79 426
46 45 427
79 24 428
65 60 429
72 79 430
76 142 431
52 59 432
66 35 433
132 41 434
96 125 435
150 84 436
72 31 437
67 21 438
133 41 439
59 28 440
74 8 441
25 38 442
79 19 443
104 37 444
25 44 445
135 56 446
46 21 447
2 140 448
112 100 449
98 3 450
59 41 451
19 119 452
47 112 453
1 4 454
28 106 455
64 127 456
114 6 457
21 60 458
132 80 459
106 42 460
35 147 461
42 5 462
134 87 463
10 143 464
24 79 465
137 60 466
18 123 467
67 94 468
45 87 469
98 64 470
149 92 471
112 29 472
36 47 473
81 44 474
52 43 475
132 49 476
2 87 477
88 77 478
146 22 479
82 115 480
131 38 481
49 50 482
63 148 483
45 63 484
92 96 485
83 50 486
130 129 487
26 144 488
34 83 489
69 96 490
89 113 491
103 88 492
2 127 493
94 54 494
22 23 495
9 15 496
45 19 497
141 111 498
119 55 499
29 113 500
97 119 501
8 114 502
135 125 503
89 87 504
52 80 505
53 58 506
58 14 507
82 72 508
89 4 509
139 125 510
137 145 511
127 68 512
92 95 513
25 53 514
106 62 515
98 121 516
12 139 517
144 130 518
95 121 519
5 92 520
116 148 521
7 89 522
4 26 523
88 4 524
21 137 525
60 32 526
43 73 527
28 147 528
16 81 529
22 121 530
96 33 531
44 65 532
97 45 533
124 57 534
4 112 535
85 99 536
138 29 537
82 5 538
7 58 539
64 124 540
52 104 541
131 99 542
111 85 543
144 137 544
43 56 545
129 99 546
141 140 547
47 93 548
136 85 549
18 138 550
75 9 551
131 96 552
140 67 553
50 72 554
95 67 555
59 38 556
86 45 557
121 93 558
109 91 559
13 21 560
63 141 561
111 53 562
63 85 563
144 141 564
17 60 565
72 59 566
68 84 567
23 144 568
98 80 569
26 9 570
126 117 571
33 108 572
59 131 573
103 80 574
76 9 575
86 102 576
66 120 577
131 92 578
60 116 579
96 111 580
93 140 581
75 102 582
42 37 583
108 109 584
17 120 585
16 109 586
28 36 587
117 33 588
89 139 589
108 112 590
74 119 591
81 105 592
74 39 593
52 37 594
100 25 595
107 46 596
82 80 597
17 6 598
105 12 599
147 105 600
2 89 601
13 64 602
10 31 603
16 12 604
95 95 605
143 49 606
57 129 607
27 88 608
128 139 609
135 52 610
50 62 611
116 39 612
47 27 613
83 81 614
149 147 615
136 119 616
57 101 617
54 70 618
76 86 619
109 17 620
107 70 621
119 146 622
69 27 623
27 33 624
26 21 625
110 51 626
8 95 627
125 106 628
58 55 629
48 119 630
129 62 631
149 74 632
119 11 633
148 77 634
49 125 635
117 54 636
26 109 637
141 18 638
128 109 639
71 106 640
92 13 641
48 101 642
2 81 643
91 11 644
78 101 645
45 20 646
134 135 647
133 66 648
90 74 649
48 21 650
53 44 651
67 135 652
99 57 653
137 15 654
111 3 655
131 124 656
24 92 657
145 8 658
30 125 659
46 28 660
103 66 661
29 133 662
118 70 663
42 3 664
136 1 665
25 123 666
57 74 667
146 6 668
70 100 669
90 105 670
97 81 671
143 144 672
74 59 673
123 110 674
88 26 675
43 42 676
65 139 677
13 45 678
16 7 679
1 20 680
59 134 681
148 60 682
97 130 683
44 100 684
5 36 685
108 77 686
16 55 687
107 10 688
140 46 689
56 103 690
34 44 691
63 150 692
107 144 693
118 64 694
116 121 695
48 135 696
90 95 697
37 26 698
125 134 699
126 136 700
13 44 701
43 23 702
25 73 703
128 132 704
6 94 705
130 50 706
146 135 707
25 46 708
5 45 709
73 34 710
117 25 711
41 4 712
25 97 713
21 105 714
92 9 715
84 70 716
86 77 717
16 71 718
116 4 719
85 94 720
85 108 721
70 16 722
32 48 723
22 16 724
20 137 725
112 17 726
87 50 727
45 134 728
63 149 729
23 12 730
80 132 731
98 96 732
1 20 733
74 120 734
115 1 735
18 45 736
5 52 737
91 23 738
116 44 739
140 108 740
144 143 741
60 46 742
8 114 743
71 73 744
148 5 745
102 105 746
90 63 747
23 59 748
34 49 749
123 54 750
146 74 751
148 142 752
12 2 753
84 93 754
139 13 755
36 47 756
102 145 757
17 75 758
76 91 759
11 149 760
11 50 761
143 124 762
67 23 763
70 59 764
40 71 765
141 111 766
113 30 767
81 126 768
83 133 769
145 2 770
55 6 771
140 59 772
30 106 773
127 26 774
106 2 775
107 99 776
26 125 777
71 112 778
59 26 779
43 62 780
125 20 781
95 64 782
54 102 783
57 40 784
12 90 785
111 29 786
120 136 787
114 4 788
4 99 789
150 42 790
128 12 791
120 75 792
3 20 793
5 83 794
144 83 795
16 57 796
127 43 797
115 43 798
74 88 799
10 49 800
59 54 801
95 73 802
52 77 803
115 147 804
142 92 805
108 100 806
102 66 807
36 70 808
134 102 809
133 91 810
134 63 811
58 38 812
134 11 813
114 10 814
41 11 815
44 88 816
78 30 817
46 86 818
21 46 819
136 89 820
66 30 821
66 2 822
123 116 823
148 60 824
75 98 825
2 135 826
89 118 827
27 114 828
49 144 829
103 148 830
56 41 831
58 126 832
12 150 833
11 74 834
27 8 835
132 122 836
27 90 837
7 146 838
49 46 839
9 91 840
1 148 841
116 24 842
117 125 843
20 117 844
104 7 845
11 10 846
122 141 847
22 4 848
81 44 849
119 111 850
140 21 851
112 64 852
77 4 853
94 73 854
122 20 855
106 82 856
148 137 857
41 85 858
28 105 859
75 31 860
20 138 861
29 106 862
19 118 863
149 114 864
142 137 865
65 92 866
57 4 867
130 14 868
81 39 869
27 141 870
100 6 871
8 135 872
20 128 873
8 13 874
77 76 875
76 27 876
28 110 877
34 42 878
47 62 879
72 22 880
13 146 881
77 133 882
60 6 883
72 118 884
89 135 885
79 26 886
71 40 887
136 140 888
38 93 889
64 109 890
122 66 891
89 77 892
60 84 893
15 149 894
37 102 895
101 92 896
147 65 897
28 100 898
129 19 899
93 92 900
84 131 901
35 112 902
75 70 903
21 6 904
86 102 905
75 42 906
33 100 907
108 145 908
29 6 909
98 75 910
50 115 911
106 93 912
129 123 913
149 148 914
9 45 915
27 108 916
110 40 917
48 46 918
32 66 919
115 47 920
118 52 921
115 149 922
114 61 923
54 24 924
84 45 925
68 108 926
66 139 927
124 48 928
9 87 929
139 49 930
46 137 931
43 3 932
65 6 933
83 117 934
47 148 935
31 143 936
146 18 937
15 141 938
135 130 939
100 116 940
104 98 941
67 18 942
114 5 943
56 67 944
105 137 945
95 132 946
36 70 947
6 140 948
44 132 949
77 149 950
102 129 951
20 115 952
121 121 953
83 14 954
96 114 955
48 7 956
96 11 957
145 132 958
18 41 959
38 62 960
96 34 961
100 129 962
3 149 963
34 30 964
7 102 965
25 102 966
67 134 967
39 34 968
107 5 969
14 64 970
117 131 971
85 2 972
74 57 973
7 126 974
104 72 975
52 115 976
62 31 977
131 136 978
122 141 979
19 72 980
45 27 981
45 140 982
124 132 983
41 76 984
118 85 985
78 27 986
30 131 987
43 28 988
95 115 989
102 134 990
96 77 991
49 109 992
18 58 993
1 74 994
19 56 995
16 37 996
102 128 997
146 44 998
57 103 999
13 51 1000
71 74 133
