150 1000 1000
102 21 1
128 131 2
17 81 3
16 88 4
70 36 5
41 17 6
42 143 7
17 135 8
15 36 9
97 80 10
19 140 11
95 19 12
112 91 13
6 93 14
146 118 15
58 64 16
77 70 17
49 59 18
98 113 19
61 112 20
46 72 21
61 132 22
145 141 23
145 74 24
84 30 25
113 76 26
116 139 27
81 38 28
69 83 29
106 134 30
51 148 31
2 73 32
54 80 33
111 48 34
42 60 35
74 95 36
28 88 37
70 27 38
85 85 39
52 125 40
11 117 41
17 18 42
135 85 43
37 56 44
60 60 45
92 128 46
124 6 47
67 67 48
144 124 49
122 118 50
89 85 51
97 48 52
72 144 53
131 37 54
6 136 55
35 68 56
69 5 57
57 108 58
146 144 59
100 74 60
93 1 61
66 119 62
23 11 63
25 94 64
43 9 65
33 80 66
7 29 67
63 134 68
97 150 69
3 145 70
98 33 71
63 54 72
77 13 73
123 146 74
51 128 75
83 103 76
65 56 77
140 113 78
20 5 79
127 9 80
77 99 81
36 9 82
18 143 83
98 105 84
85 106 85
148 54 86
52 92 87
95 123 88
16 4 89
123 19 90
121 47 91
72 98 92
32 47 93
129 112 94
41 97 95
25 120 96
89 141 97
129 139 98
22 123 99
32 81 100
73 60 101
121 89 102
106 127 103
130 83 104
140 70 105
43 19 106
88 34 107
126 112 108
38 132 109
94 12 110
55 120 111
148 35 112
85 122 113
81 52 114
88 77 115
5 99 116
110 88 117
32 8 118
97 93 119
61 95 120
30 96 121
110 140 122
69 22 123
47 19 124
39 67 125
30 18 126
118 120 127
83 101 128
40 108 129
110 35 130
14 144 131
79 7 132
9 42 133
137 25 134
30 27 135
68 8 136
2 14 137
108 113 138
66 136 139
77 33 140
75 4 141
14 53 142
32 88 143
139 49 144
94 80 145
100 148 146
15 69 147
141 45 148
85 54 149
41 142 150
89 39 151
72 38 152
83 85 153
142 69 154
124 110 155
113 67 156
85 89 157
72 77 158
149 75 159
83 103 160
68 26 161
147 49 162
106 146 163
118 100 164
68 66 165
31 40 166
112 24 167
120 141 168
123 110 169
26 66 170
7 62 171
46 105 172
88 108 173
8 134 174
103 64 175
91 47 176
150 17 177
150 69 178
18 128 179
146 140 180
105 135 181
28 62 182
61 15 183
13 41 184
131 41 185
102 57 186
29 101 187
21 99 188
90 51 189
86 141 190
10 43 191
94 76 192
8 46 193
85 57 194
142 14 195
30 36 196
69 58 197
117 66 198
124 144 199
32 130 200
19 69 201
129 137 202
101 64 203
27 126 204
24 79 205
55 102 206
86 84 207
80 84 208
44 39 209
19 18 210
44 148 211
58 98 212
24 62 213
100 148 214
96 138 215
8 21 216
148 69 217
112 1 218
67 134 219
8 44 220
26 51 221
142 69 222
129 86 223
80 87 224
58 65 225
26 137 226
15 101 227
82 86 228
111 3 229
75 56 230
8 148 231
34 51 232
124 19 233
127 17 234
134 140 235
48 51 236
94 52 237
112 85 238
120 72 239
30 87 240
53 122 241
119 79 242
64 140 243
35 117 244
88 48 245
95 7 246
90 56 247
93 52 248
4 19 249
42 150 250
130 134 251
43 112 252
128 96 253
58 80 254
137 82 255
125 3 256
41 1 257
35 85 258
99 59 259
4 7 260
93 125 261
70 8 262
137 75 263
90 18 264
114 123 265
48 128 266
12 102 267
104 30 268
26 43 269
90 150 270
89 65 271
18 96 272
21 73 273
103 74 274
43 64 275
117 62 276
85 109 277
135 100 278
127 105 279
39 121 280
57 147 281
111 105 282
52 7 283
75 29 284
134 64 285
150 114 286
107 148 287
98 40 288
140 121 289
144 111 290
70 24 291
11 55 292
100 97 293
149 26 294
2 67 295
145 26 296
139 57 297
54 94 298
40 86 299
86 101 300
32 106 301
81 42 302
65 135 303
34 53 304
8 17 305
82 88 306
100 150 307
76 47 308
107 23 309
59 101 310
104 2 311
85 15 312
96 59 313
24 45 314
13 7 315
77 74 316
49 114 317
5 91 318
37 93 319
14 149 320
123 137 321
120 95 322
71 17 323
50 2 324
44 74 325
40 110 326
125 68 327
94 106 328
80 135 329
106 92 330
122 137 331
125 130 332
127 108 333
79 141 334
98 35 335
21 67 336
92 128 337
62 10 338
36 73 339
104 88 340
80 38 341
124 22 342
21 14 343
1 87 344
109 103 345
81 88 346
89 12 347
132 122 348
141 122 349
6 102 350
137 33 351
124 13 352
92 85 353
75 112 354
145 37 355
21 23 356
79 96 357
78 60 358
81 70 359
86 34 360
18 21 361
50 59 362
115 21 363
43 137 364
86 102 365
109 43 366
92 54 367
36 79 368
97 97 369
33 7 370
133 130 371
138 15 372
111 137 373
114 2 374
9 75 375
42 142 376
37 37 377
56 33 378
148 59 379
144 1 380
34 16 381
121 134 382
134 79 383
128 114 384
116 114 385
131 27 386
67 90 387
36 121 388
104 33 389
72 28 390
76 114 391
97 142 392
65 121 393
81 21 394
3 70 395
40 58 396
141 36 397
13 47 398
17 80 399
7 47 400
103 15 401
138 49 402
111 146 403
69 58 404
124 131 405
123 38 406
135 85 407
44 135 408
84 114 409
100 93 410
48 39 411
48 37 412
80 56 413
52 59 414
141 127 415
142 68 416
146 123 417
115 132 418
29 26 419
63 88 420
150 76 421
138 115 422
136 27 423
59 125 424
139 19 425
44 134 426
12 133 427
89 92 428
136 32 429
104 116 430
24 117 431
6 131 432
17 90 433
65 140 434
35 49 435
37 117 436
77 70 437
4 118 438
79 61 439
113 102 440
124 37 441
150 120 442
40 43 443
128 59 444
131 16 445
150 16 446
34 125 447
16 112 448
18 110 449
80 89 450
107 16 451
65 147 452
101 79 453
72 89 454
115 149 455
99 27 456
135 108 457
133 57 458
128 23 459
102 145 460
100 39 461
73 44 462
135 54 463
112 4 464
67 128 465
41 32 466
73 101 467
98 55 468
31 148 469
14 22 470
141 120 471
86 14 472
131 140 473
110 110 474
35 125 475
88 10 476
77 76 477
116 107 478
92 53 479
3 92 480
66 111 481
57 27 482
43 44 483
91 102 484
57 17 485
72 149 486
21 91 487
65 63 488
52 134 489
126 95 490
123 24 491
40 49 492
12 28 493
28 81 494
135 112 495
96 125 496
147 24 497
39 30 498
60 94 499
25 70 500
107 116 501
5 107 502
2 46 503
136 109 504
57 99 505
82 148 506
65 77 507
131 32 508
71 93 509
68 8 510
25 87 511
34 42 512
58 57 513
44 57 514
64 65 515
89 27 516
135 43 517
3 115 518
146 28 519
86 44 520
2 41 521
53 56 522
135 100 523
46 25 524
118 29 525
15 90 526
59 111 527
36 3 528
50 32 529
149 103 530
13 59 531
9 95 532
147 3 533
85 16 534
111 107 535
113 141 536
110 113 537
121 64 538
56 22 539
42 137 540
83 27 541
91 41 542
45 127 543
143 82 544
15 147 545
141 21 546
61 62 547
56 13 548
133 130 549
76 119 550
77 34 551
90 116 552
135 108 553
75 14 554
19 100 555
148 108 556
113 82 557
7 115 558
127 123 559
72 27 560
119 144 561
113 119 562
148 87 563
122 109 564
28 105 565
25 91 566
134 102 567
109 131 568
147 20 569
96 108 570
109 50 571
105 18 572
118 23 573
1 124 574
13 118 575
31 24 576
4 147 577
114 85 578
110 57 579
74 147 580
102 135 581
73 65 582
90 135 583
57 91 584
114 32 585
3 78 586
129 55 587
40 82 588
91 136 589
117 74 590
143 37 591
65 92 592
132 70 593
104 49 594
101 140 595
120 44 596
122 139 597
150 44 598
85 66 599
43 50 600
6 75 601
143 112 602
67 136 603
106 136 604
145 39 605
102 131 606
140 122 607
30 4 608
60 107 609
146 24 610
21 34 611
141 137 612
57 29 613
125 135 614
142 23 615
135 116 616
88 23 617
133 35 618
22 113 619
132 134 620
34 26 621
85 95 622
42 73 623
71 53 624
147 98 625
81 113 626
89 79 627
144 98 628
89 99 629
94 14 630
13 15 631
88 150 632
10 47 633
50 8 634
112 1 635
84 101 636
18 85 637
143 117 638
136 3 639
142 121 640
85 26 641
70 84 642
103 29 643
41 71 644
116 119 645
27 113 646
71 25 647
150 2 648
19 94 649
60 129 650
118 6 651
119 115 652
119 136 653
121 106 654
144 54 655
116 104 656
93 22 657
66 147 658
129 82 659
17 136 660
3 17 661
115 148 662
135 67 663
12 104 664
131 122 665
36 80 666
6 1 667
70 89 668
75 106 669
45 104 670
131 124 671
32 141 672
129 89 673
82 110 674
97 96 675
150 41 676
77 7 677
45 86 678
53 132 679
34 45 680
57 71 681
11 81 682
139 33 683
110 143 684
41 2 685
19 73 686
85 131 687
94 19 688
13 63 689
19 5 690
137 25 691
111 54 692
120 92 693
52 134 694
63 89 695
71 148 696
25 56 697
106 57 698
14 62 699
102 79 700
20 111 701
89 80 702
137 116 703
69 83 704
13 8 705
85 129 706
79 103 707
22 117 708
59 137 709
57 68 710
145 70 711
132 125 712
97 36 713
16 133 714
57 75 715
18 138 716
30 9 717
72 143 718
51 29 719
27 7 720
149 81 721
113 37 722
49 88 723
100 18 724
52 137 725
94 134 726
15 48 727
102 38 728
33 118 729
110 57 730
47 22 731
117 14 732
56 59 733
44 68 734
144 55 735
68 93 736
71 119 737
109 53 738
92 52 739
34 107 740
91 112 741
111 80 742
86 146 743
6 89 744
56 117 745
85 143 746
26 48 747
101 136 748
14 142 749
5 144 750
28 135 751
125 59 752
96 67 753
89 17 754
150 129 755
139 144 756
70 64 757
11 123 758
122 28 759
128 94 760
42 145 761
55 111 762
69 40 763
97 104 764
104 26 765
45 55 766
16 24 767
28 41 768
72 54 769
4 142 770
128 30 771
120 150 772
127 20 773
72 120 774
1 71 775
71 61 776
46 24 777
31 150 778
34 67 779
137 4 780
6 35 781
29 143 782
136 36 783
29 83 784
12 112 785
119 146 786
20 112 787
105 76 788
84 55 789
61 112 790
83 80 791
67 68 792
93 23 793
75 36 794
60 21 795
130 75 796
134 40 797
77 145 798
97 83 799
54 61 800
49 77 801
20 77 802
13 24 803
127 134 804
129 120 805
137 74 806
78 137 807
37 94 808
67 37 809
80 79 810
4 128 811
71 77 812
1 56 813
18 117 814
144 105 815
84 72 816
93 124 817
81 142 818
13 128 819
16 82 820
134 10 821
97 7 822
96 136 823
25 118 824
140 40 825
42 80 826
135 56 827
117 56 828
1 109 829
124 80 830
116 98 831
75 33 832
56 40 833
3 117 834
41 66 835
137 117 836
134 49 837
34 78 838
143 84 839
34 11 840
14 85 841
114 36 842
72 33 843
47 43 844
11 140 845
102 64 846
88 78 847
94 82 848
48 59 849
80 111 850
147 57 851
132 25 852
63 39 853
144 38 854
93 30 855
57 11 856
7 83 857
91 7 858
137 117 859
63 140 860
124 112 861
37 47 862
116 130 863
127 25 864
45 57 865
123 106 866
34 62 867
80 56 868
88 11 869
30 96 870
2 54 871
60 109 872
36 78 873
143 97 874
13 11 875
108 35 876
114 40 877
20 30 878
121 43 879
37 39 880
4 43 881
6 4 882
104 142 883
90 35 884
128 58 885
54 44 886
41 131 887
118 53 888
16 139 889
93 51 890
16 78 891
100 87 892
125 42 893
84 33 894
125 44 895
59 54 896
99 131 897
77 58 898
138 31 899
108 90 900
112 148 901
2 48 902
96 60 903
9 37 904
13 96 905
127 1 906
112 95 907
15 122 908
91 4 909
50 96 910
46 23 911
4 136 912
119 33 913
19 76 914
68 43 915
66 113 916
21 14 917
17 104 918
103 122 919
58 80 920
6 94 921
100 45 922
148 130 923
16 73 924
56 23 925
49 128 926
38 51 927
55 36 928
4 7 929
47 50 930
26 124 931
147 39 932
1 147 933
134 117 934
80 107 935
45 104 936
27 118 937
146 55 938
75 131 939
28 40 940
87 4 941
69 75 942
83 22 943
53 12 944
139 4 945
93 45 946
8 140 947
149 88 948
83 53 949
90 42 950
13 85 951
37 99 952
52 18 953
134 86 954
34 77 955
12 77 956
72 50 957
119 21 958
99 97 959
47 72 960
62 55 961
99 27 962
142 127 963
133 29 964
24 80 965
86 71 966
80 71 967
145 41 968
41 5 969
79 134 970
106 71 971
141 91 972
46 139 973
136 115 974
50 11 975
127 77 976
74 48 977
16 32 978
106 27 979
78 124 980
86 41 981
94 34 982
17 140 983
138 95 984
6 16 985
30 75 986
117 30 987
25 42 988
127 82 989
77 114 990
68 12 991
138 77 992
143 104 993
34 133 994
78 110 995
61 99 996
130 139 997
124 13 998
135 95 999
75 60 1000
18 93 122
82 93 61
59 44 32
51 39 18
132 122 116
77 37 115
99 41 126
70 6 82
27 26 27
106 28 129
123 15 91
27 69 26
149 28 95
97 88 143
45 91 68
46 139 69
62 43 14
78 49 145
116 11 72
67 23 21
80 134 127
118 74 684
63 88 127
133 37 124
41 87 20
40 129 132
110 114 70
130 46 232
12 61 90
73 102 146
46 41 73
137 109 72
70 55 67
74 76 63
116 128 147
15 36 131
53 75 82
58 117 65
125 149 127
133 56 958
12 109 307
32 38 91
4 29 80
148 26 280
86 123 127
20 132 95
73 81 125
94 14 52
72 103 94
79 12 451
35 109 133
124 38 16
71 62 141
4 47 90
106 4 52
125 37 31
76 6 112
15 134 149
109 84 79
31 144 148
5 126 144
137 64 19
25 93 92
147 1 31
10 96 94
37 140 234
134 68 94
15 37 112
28 47 130
44 127 112
144 92 145
64 150 92
101 13 139
43 41 24
24 116 270
95 131 31
69 98 74
86 108 6
65 147 241
124 31 801
132 6 129
26 146 65
20 83 44
66 8 7
81 135 46
136 72 148
129 124 112
18 147 24
143 124 145
51 71 275
52 65 737
60 53 274
10 102 86
136 69 68
105 126 671
24 18 67
81 57 49
73 82 132
88 38 57
117 108 2
55 112 96
137 149 114
132 142 879
11 36 460
70 126 69
23 135 100
92 1 789
88 79 71
42 82 98
98 102 130
77 16 148
124 74 137
104 58 967
22 86 57
31 26 67
29 79 615
38 31 58
18 3 278
110 90 121
112 34 147
21 148 267
31 25 113
63 15 408
51 124 82
49 49 62
22 147 85
111 16 490
136 128 86
62 14 114
134 138 78
106 79 148
90 147 103
6 44 58
71 50 25
133 93 45
112 79 99
13 57 80
74 104 27
18 94 18
112 138 138
14 14 47
88 128 39
72 110 110
93 59 52
65 101 70
20 78 100
60 60 17
12 69 83
34 55 107
118 5 803
9 94 425
11 143 18
102 68 27
141 13 705
38 110 107
5 37 280
119 122 4
46 69 222
21 102 60
88 13 143
111 107 135
22 105 128
149 150 33
71 138 907
110 135 98
98 147 84
41 67 88
133 15 33
89 114 34
148 114 59
11 51 941
98 139 70
62 102 819
9 54 642
108 74 91
17 102 116
25 59 122
134 139 66
67 61 76
71 28 511
79 51 41
36 108 82
36 24 6
98 62 63
96 27 71
99 49 21
20 90 78
126 61 537
94 97 126
94 95 139
28 126 150
110 105 78
103 112 361
2 67 71
125 57 57
140 47 83
146 92 63
88 4 97
64 90 589
76 140 18
75 56 78
129 31 136
115 64 3
102 134 73
130 54 193
113 113 91
80 96 55
45 119 86
76 74 585
3 121 114
29 69 140
137 88 42
101 92 90
8 82 149
83 58 111
57 72 50
13 100 112
91 1 85
66 63 4
46 111 76
52 33 941
117 146 89
26 31 54
39 4 96
34 19 123
14 121 147
10 60 19
121 90 7
136 123 150
89 89 71
14 120 996
143 40 124
147 107 62
119 20 330
6 8 86
41 104 121
77 78 119
134 34 59
30 67 48
83 8 384
78 70 39
112 55 128
141 110 23
114 81 15
42 19 102
70 107 114
128 2 20
25 86 105
13 59 66
68 33 485
72 137 150
119 85 37
4 18 398
66 102 111
72 89 120
93 60 20
65 136 99
23 121 77
66 115 49
94 83 134
92 85 73
39 34 110
99 129 940
104 148 75
149 123 65
70 99 63
96 72 118
132 17 52
62 32 76
25 121 104
85 13 20
130 38 31
40 39 50
125 23 49
77 74 57
2 125 34
62 140 89
104 116 547
131 130 148
2 142 50
106 129 695
63 13 577
13 53 28
45 34 92
40 112 143
127 47 79
62 107 146
41 104 140
68 71 39
131 96 867
51 31 27
46 10 2
90 38 46
54 88 72
145 61 884
107 76 77
107 95 516
16 133 25
75 66 116
77 87 5
15 56 30
36 20 112
71 125 17
104 124 619
42 55 98
131 42 785
114 68 138
19 134 6
21 64 186
64 45 53
84 84 309
124 3 238
2 3 34
30 23 67
150 135 53
111 8 81
89 7 139
101 147 14
39 113 29
17 38 143
40 132 89
140 47 124
8 149 169
46 69 517
142 70 101
4 36 143
32 106 44
72 93 118
97 17 133
59 56 120
55 97 60
79 131 102
109 75 75
52 117 91
114 59 85
141 14 118
107 42 113
15 128 123
79 52 148
69 76 138
79 96 103
50 73 141
97 56 99
9 18 112
11 121 725
137 95 29
93 42 40
83 140 59
93 9 21
90 36 5
128 146 116
22 61 84
6 10 99
84 6 52
133 43 137
78 94 85
38 10 567
73 124 31
50 72 133
52 99 704
131 112 45
84 116 356
12 122 63
55 65 32
40 82 595
93 127 63
27 142 23
90 60 85
81 74 93
41 65 101
82 133 133
84 83 48
96 80 71
98 134 63
148 84 150
107 89 108
75 40 85
134 147 115
34 46 101
112 110 81
62 42 681
127 44 8
7 14 55
43 87 89
42 78 11
64 124 58
101 55 115
144 134 111
89 94 9
63 137 990
11 67 596
46 76 841
150 72 800
109 97 87
141 101 7
89 6 69
131 149 102
126 147 133
84 46 29
7 92 624
138 143 36
148 102 60
101 119 975
50 137 129
14 89 6
76 12 60
61 46 127
22 47 84
122 53 144
108 61 385
101 91 51
102 37 137
74 16 4
16 23 29
19 124 44
146 2 63
77 112 779
102 117 30
38 141 129
78 20 35
74 83 91
8 92 428
123 131 117
124 6 135
81 53 309
19 97 3
116 73 88
2 4 583
94 52 93
101 113 7
112 16 66
123 79 60
55 91 22
3 103 22
42 50 88
103 56 1
128 114 138
101 105 73
100 48 60
54 91 94
12 150 701
92 69 123
119 67 4
53 54 49
72 87 103
8 71 92
58 136 113
100 102 7
136 20 95
13 82 125
138 42 913
99 104 130
83 51 109
78 3 98
130 140 77
52 7 92
18 46 72
148 50 126
64 63 105
25 55 48
74 81 100
121 39 8
87 22 98
42 86 613
144 74 131
74 3 10
18 34 68
93 122 7
14 81 15
44 47 54
21 132 78
39 123 128
137 38 116
122 121 7
49 82 143
101 141 107
132 29 156
54 122 950
31 7 92
41 123 33
77 110 59
49 37 65
77 3 97
58 134 84
128 72 63
88 119 74
76 134 103
118 144 100
37 127 4
66 40 28
111 113 120
146 112 20
94 94 38
138 11 8
54 91 7
145 11 57
46 85 61
96 118 44
6 97 97
5 17 97
131 63 99
87 3 27
102 22 63
127 124 90
57 78 24
66 67 21
101 26 144
97 117 365
129 120 148
122 43 142
134 77 79
120 129 60
129 72 135
94 133 103
131 144 129
7 12 35
67 139 100
60 61 763
19 71 147
88 83 65
82 137 117
107 97 99
69 29 150
49 23 37
84 149 137
104 58 29
137 114 139
106 56 31
139 46 28
104 15 65
130 61 489
141 91 14
107 52 556
116 73 148
3 60 129
4 75 38
82 124 37
42 7 825
17 76 108
25 46 63
141 80 24
149 80 960
42 4 121
103 20 62
3 64 37
86 99 349
112 42 121
98 100 606
62 106 81
27 89 101
139 127 36
114 107 43
79 150 26
73 5 61
64 71 91
36 55 5
135 22 27
54 31 93
81 47 76
6 119 7
133 100 126
116 90 295
135 19 8
36 12 47
102 121 34
67 40 72
84 134 8
106 96 94
140 101 504
68 105 121
143 120 150
36 47 74
28 37 30
33 18 7
17 113 101
45 64 108
89 145 61
73 21 74
77 106 57
15 68 55
53 34 74
91 56 46
58 124 19
98 48 90
54 8 45
80 148 86
4 46 139
92 122 130
106 85 88
20 98 58
12 67 14
131 115 56
119 89 121
17 46 7
148 13 50
126 76 250
140 46 46
140 70 40
87 40 129
65 18 111
23 70 71
30 79 19
86 35 414
102 32 85
101 79 83
11 91 140
116 78 63
29 107 24
16 88 139
142 64 50
72 6 132
59 46 19
37 79 7
136 61 220
24 88 394
42 24 44
1 85 21
66 24 114
1 143 993
66 109 18
77 113 86
23 137 110
125 64 867
17 81 2
109 101 11
142 63 39
143 82 147
43 101 80
135 36 38
53 29 72
58 48 140
85 122 50
42 35 101
111 11 53
39 11 115
87 120 72
68 34 46
119 29 847
17 142 41
107 116 15
26 119 35
111 12 48
72 138 77
135 18 54
39 83 612
114 104 913
109 127 742
80 99 28
14 4 101
65 99 167
32 90 83
96 82 107
139 99 100
97 70 108
26 79 117
45 11 51
112 114 108
59 143 64
83 102 31
141 137 126
43 28 9
60 83 42
53 36 6
16 78 129
55 139 10
98 150 83
48 88 117
45 61 953
22 139 133
90 134 785
131 127 79
62 143 136
130 10 63
81 112 10
53 22 140
23 100 66
135 39 86
45 148 61
43 49 140
64 10 32
34 141 67
111 7 49
71 144 890
17 90 71
1 115 312
44 75 72
46 136 60
121 93 42
56 66 378
103 85 104
27 113 130
38 16 60
92 84 39
43 15 120
36 42 505
144 99 38
73 74 28
41 131 129
20 60 471
126 70 4
41 6 58
25 54 43
134 58 60
16 19 9
36 55 137
4 82 39
127 53 133
11 126 111
37 101 76
45 114 822
34 126 90
128 51 111
56 37 134
6 64 68
13 44 146
60 33 130
125 5 119
49 6 25
107 44 78
94 89 97
33 17 1
9 121 100
99 73 94
102 89 103
142 59 776
106 75 15
63 94 87
87 2 517
38 147 4
26 50 65
134 49 35
85 113 129
67 90 117
28 105 559
83 45 31
52 94 125
55 94 121
64 87 143
120 54 8
83 144 26
135 112 14
66 98 17
126 2 105
42 41 21
106 134 96
3 68 96
134 50 79
131 43 27
70 141 119
62 42 139
8 143 134
18 50 137
134 41 25
95 50 4
113 8 51
33 36 80
121 12 168
131 128 64
98 80 148
63 71 138
96 48 16
21 143 61
82 81 428
2 105 118
28 1 77
132 71 939
92 127 22
4 118 121
48 67 11
131 129 126
90 131 123
8 138 19
141 64 46
142 49 138
63 17 12
22 112 50
110 138 86
134 103 5
28 118 538
147 19 48
77 149 992
36 116 536
37 10 44
124 27 136
57 62 112
96 106 325
43 40 701
35 58 695
53 19 27
140 26 123
47 110 70
140 137 73
121 2 63
127 42 59
56 115 79
82 83 26
17 127 33
139 50 89
136 112 249
91 5 137
91 101 25
88 87 9
149 79 48
87 88 145
131 113 104
61 120 288
53 129 131
138 14 704
80 40 118
52 103 117
53 58 671
107 95 114
144 101 36
5 14 574
21 133 3
100 150 82
43 72 96
115 5 518
98 112 890
107 55 55
16 85 69
97 99 65
106 72 118
4 17 62
41 2 7
145 79 11
102 121 68
25 41 58
110 146 167
68 45 66
41 107 74
81 23 146
141 51 23
121 47 102
54 103 59
4 114 578
48 19 35
89 107 107
140 146 139
74 97 207
106 134 339
9 98 72
21 127 141
149 20 35
62 141 612
139 132 139
140 103 43
13 21 100
34 145 71
34 146 3
9 48 133
19 9 99
102 119 24
23 63 63
99 62 36
105 77 9
98 120 133
29 104 77
45 44 42
49 16 22
32 64 42
119 84 123
150 72 845
43 72 36
113 61 87
31 106 58
69 77 40
129 47 988
53 89 68
110 95 67
68 26 149
132 44 647
118 125 79
39 90 42
58 64 62
108 144 113
72 109 56
105 38 108
85 14 128
149 138 26
108 55 103
106 79 89
64 105 110
124 120 13
7 129 40
103 69 137
72 50 89
129 133 53
2 131 1
111 67 127
78 74 101
140 4 54
79 105 107
79 102 134
141 114 10
111 66 62
29 53 49
138 115 117
101 29 103
146 86 81
4 13 53
144 33 108
113 109 113
64 53 62
56 5 3
12 27 49
140 129 15
133 148 22
36 80 461
71 115 215
116 57 522
126 117 67
56 26 40
134 53 30
8 9 118
54 70 590
54 24 48
55 67 729
149 146 77
76 19 87
131 28 60
127 132 385
29 19 74
66 42 62
43 111 90
131 115 106
57 41 98
54 55 64
118 103 4
40 24 600
112 79 64
56 147 112
63 16 68
75 3 634
19 53 90
104 107 26
82 66 43
44 75 115
12 115 48
144 84 118
31 61 111
72 10 101
60 120 39
93 142 129
26 118 44
150 16 149
104 18 121
95 59 101
105 41 126
79 72 759
76 74 128
150 84 29
45 33 90
14 85 553
23 69 541
46 110 18
17 74 58
11 57 142
106 42 842
91 6 883
91 133 19
43 66 31
10 104 118
78 114 107
88 22 113
5 104 3
144 34 97
87 106 77
123 14 160
87 86 30
30 75 124
126 1 89
66 110 68
60 27 756
125 12 75
106 128 50
123 38 213
25 39 334
40 104 251
15 137 368
87 10 41
111 100 100
127 26 56
51 9 87
68 139 7
119 22 691
103 100 117
64 41 144
145 82 74
120 26 116
99 145 104
70 135 138
38 55 22
44 121 81
71 63 64
46 53 53
91 91 35
36 39 118
82 92 864
148 32 39
