150 1000 1000
37 148 1
52 58 2
116 112 3
11 22 4
125 47 5
75 37 6
59 67 7
78 31 8
62 6 9
85 85 10
84 140 11
70 44 12
130 10 13
42 59 14
37 20 15
96 126 16
13 25 17
43 76 18
76 74 19
26 82 20
104 39 21
80 143 22
30 56 23
32 136 24
23 102 25
92 18 26
75 11 27
37 85 28
112 133 29
48 108 30
15 51 31
65 146 32
124 35 33
128 53 34
19 90 35
82 29 36
35 89 37
97 70 38
113 138 39
53 36 40
134 69 41
2 113 42
35 7 43
110 38 44
18 135 45
14 89 46
137 58 47
46 109 48
13 43 49
120 23 50
90 39 51
147 108 52
100 87 53
25 144 54
88 59 55
30 12 56
63 104 57
80 12 58
103 129 59
52 136 60
90 148 61
95 117 62
132 107 63
57 3 64
138 112 65
17 56 66
13 142 67
150 103 68
15 26 69
137 107 70
16 71 71
56 6 72
9 97 73
97 44 74
125 69 75
120 147 76
50 69 77
99 2 78
62 8 79
117 116 80
56 30 81
96 7 82
79 65 83
21 66 84
12 19 85
48 11 86
44 140 87
132 106 88
2 20 89
130 125 90
72 135 91
39 125 92
122 103 93
45 130 94
21 134 95
42 26 96
137 32 97
3 133 98
11 23 99
17 120 100
21 50 101
129 20 102
130 144 103
135 75 104
87 139 105
116 23 106
84 12 107
14 27 108
10 85 109
126 132 110
135 82 111
87 60 112
70 47 113
47 31 114
147 69 115
71 141 116
120 104 117
11 6 118
118 139 119
96 43 120
47 46 121
149 61 122
115 27 123
5 31 124
2 144 125
23 53 126
30 149 127
112 1 128
142 15 129
108 149 130
43 123 131
20 59 132
139 6 133
110 95 134
16 5 135
141 43 136
56 111 137
112 145 138
69 21 139
27 51 140
99 120 141
109 97 142
46 6 143
18 68 144
90 105 145
5 55 146
116 14 147
127 21 148
71 60 149
139 129 150
114 24 151
83 97 152
126 70 153
61 104 154
33 12 155
139 4 156
37 67 157
82 48 158
91 119 159
118 148 160
127 98 161
85 86 162
37 117 163
96 13 164
108 85 165
13 56 166
35 84 167
92 59 168
32 131 169
47 104 170
123 149 171
4 91 172
31 132 173
29 81 174
37 2 175
126 120 176
43 18 177
48 2 178
58 116 179
150 139 180
76 89 181
75 58 182
116 19 183
81 126 184
66 134 185
74 27 186
108 5 187
147 106 188
34 6 189
128 22 190
21 128 191
83 9 192
115 118 193
37 111 194
10 94 195
10 42 196
81 63 197
106 40 198
47 25 199
86 58 200
149 62 201
139 78 202
21 116 203
111 71 204
9 141 205
48 3 206
31 98 207
87 112 208
44 31 209
68 62 210
43 40 211
133 113 212
13 142 213
112 7 214
79 11 215
35 23 216
25 128 217
113 31 218
142 63 219
1 119 220
135 72 221
133 54 222
51 8 223
61 32 224
10 29 225
16 55 226
39 110 227
133 22 228
28 36 229
106 137 230
32 110 231
60 38 232
129 89 233
37 130 234
104 140 235
113 14 236
128 38 237
148 46 238
133 135 239
133 39 240
10 120 241
63 77 242
144 150 243
36 131 244
12 120 245
42 24 246
72 87 247
136 13 248
49 95 249
16 120 250
104 32 251
144 10 252
149 29 253
18 50 254
79 130 255
22 7 256
136 51 257
44 84 258
72 105 259
2 82 260
36 12 261
115 117 262
83 134 263
111 18 264
121 142 265
108 68 266
69 24 267
106 143 268
57 127 269
43 60 270
19 139 271
91 81 272
136 149 273
76 102 274
115 112 275
3 45 276
102 109 277
77 120 278
64 119 279
41 2 280
147 141 281
10 47 282
26 24 283
97 106 284
148 43 285
108 22 286
105 107 287
89 123 288
17 71 289
24 30 290
37 54 291
150 15 292
60 34 293
1 71 294
29 77 295
40 63 296
77 107 297
15 25 298
37 120 299
74 113 300
113 82 301
11 66 302
96 103 303
41 17 304
121 82 305
35 114 306
113 73 307
145 121 308
44 93 309
24 28 310
123 113 311
27 134 312
64 25 313
68 46 314
43 63 315
84 60 316
10 111 317
23 27 318
42 9 319
149 32 320
55 76 321
127 141 322
33 45 323
31 31 324
36 13 325
99 68 326
112 117 327
64 123 328
52 133 329
42 108 330
86 15 331
115 63 332
45 141 333
136 63 334
121 51 335
98 26 336
77 93 337
121 17 338
122 52 339
140 63 340
84 23 341
93 58 342
55 38 343
103 84 344
40 138 345
48 7 346
22 30 347
77 48 348
40 112 349
35 144 350
25 118 351
120 6 352
76 34 353
120 18 354
55 136 355
30 6 356
2 141 357
44 116 358
12 3 359
2 46 360
93 51 361
71 81 362
25 128 363
141 102 364
20 42 365
29 17 366
132 59 367
54 36 368
4 80 369
111 103 370
68 59 371
114 138 372
52 85 373
79 94 374
11 116 375
110 9 376
121 102 377
6 16 378
15 2 379
83 120 380
33 28 381
133 129 382
116 69 383
94 148 384
101 69 385
8 58 386
133 35 387
49 137 388
45 113 389
35 68 390
41 130 391
83 137 392
104 78 393
18 120 394
12 127 395
20 67 396
18 93 397
4 64 398
37 3 399
25 77 400
15 54 401
49 31 402
87 128 403
47 116 404
59 14 405
123 147 406
109 4 407
138 33 408
84 145 409
101 123 410
136 105 411
59 125 412
144 39 413
56 76 414
83 61 415
140 47 416
118 82 417
12 12 418
113 96 419
24 80 420
51 120 421
141 12 422
107 28 423
111 106 424
37 29 425
134 71 426
89 132 427
115 148 428
125 115 429
42 88 430
10 23 431
23 146 432
109 61 433
81 106 434
33 25 435
129 34 436
16 77 437
101 113 438
38 87 439
15 150 440
138 39 441
6 34 442
56 118 443
11 43 444
31 128 445
92 28 446
57 96 447
63 105 448
54 128 449
149 58 450
94 111 451
8 116 452
26 74 453
115 88 454
74 26 455
85 109 456
43 57 457
48 30 458
101 29 459
74 102 460
90 114 461
73 8 462
42 65 463
92 54 464
98 45 465
102 68 466
30 80 467
56 56 468
5 76 469
73 59 470
133 103 471
132 117 472
60 109 473
97 100 474
91 83 475
61 39 476
136 38 477
131 78 478
118 74 479
149 145 480
127 93 481
93 84 482
71 135 483
86 36 484
90 31 485
106 85 486
1 20 487
39 144 488
59 139 489
78 71 490
89 104 491
98 35 492
148 145 493
79 7 494
6 134 495
14 97 496
132 121 497
38 59 498
97 143 499
5 138 500
34 129 501
66 112 502
96 124 503
29 9 504
44 30 505
62 25 506
92 80 507
134 10 508
35 37 509
94 118 510
2 12 511
122 35 512
61 47 513
95 51 514
6 26 515
10 52 516
95 121 517
16 74 518
118 40 519
137 91 520
17 113 521
141 60 522
61 143 523
147 101 524
143 131 525
6 3 526
42 106 527
134 87 528
24 14 529
71 120 530
124 27 531
120 132 532
104 39 533
138 120 534
31 39 535
85 18 536
32 126 537
46 79 538
142 3 539
118 120 540
117 20 541
20 24 542
105 27 543
133 49 544
48 95 545
141 77 546
113 141 547
98 106 548
13 87 549
146 75 550
117 133 551
18 72 552
87 26 553
49 140 554
128 148 555
55 93 556
147 44 557
50 113 558
107 110 559
14 21 560
5 70 561
61 106 562
50 98 563
130 72 564
72 5 565
18 47 566
22 68 567
139 2 568
68 6 569
118 49 570
76 78 571
22 35 572
25 35 573
115 71 574
9 53 575
123 139 576
122 5 577
101 43 578
41 119 579
89 111 580
147 4 581
14 146 582
11 96 583
77 132 584
105 110 585
88 122 586
146 138 587
55 82 588
141 40 589
9 22 590
25 116 591
1 9 592
105 70 593
36 43 594
77 88 595
110 126 596
102 129 597
63 138 598
92 34 599
133 86 600
13 75 601
40 54 602
145 51 603
33 69 604
133 46 605
133 38 606
98 140 607
78 43 608
27 33 609
98 65 610
99 84 611
82 8 612
85 132 613
4 91 614
77 140 615
116 91 616
38 99 617
140 66 618
77 100 619
76 24 620
73 24 621
80 64 622
136 104 623
24 117 624
24 72 625
8 88 626
145 146 627
20 97 628
24 147 629
82 41 630
24 88 631
43 45 632
60 9 633
100 30 634
32 81 635
77 121 636
100 34 637
131 63 638
51 5 639
118 15 640
16 31 641
15 25 642
3 126 643
129 90 644
64 16 645
85 114 646
109 129 647
54 64 648
21 76 649
119 70 650
146 52 651
51 59 652
130 69 653
127 89 654
116 32 655
47 89 656
107 8 657
88 47 658
76 3 659
72 137 660
99 12 661
54 70 662
73 105 663
112 3 664
69 50 665
7 30 666
56 130 667
56 54 668
148 30 669
148 76 670
19 133 671
66 26 672
63 87 673
124 123 674
49 84 675
85 138 676
39 65 677
108 7 678
3 125 679
87 101 680
75 74 681
59 59 682
28 64 683
126 144 684
41 65 685
63 117 686
1 122 687
96 69 688
53 6 689
122 78 690
24 39 691
145 133 692
6 87 693
4 39 694
89 104 695
29 37 696
16 121 697
33 124 698
131 127 699
114 67 700
5 97 701
36 52 702
48 90 703
109 96 704
108 137 705
77 73 706
50 32 707
150 143 708
28 137 709
41 71 710
86 74 711
53 86 712
48 107 713
25 130 714
16 87 715
85 50 716
74 114 717
36 13 718
83 88 719
53 89 720
42 76 721
73 138 722
127 122 723
95 99 724
141 146 725
75 108 726
28 108 727
104 119 728
62 12 729
38 66 730
45 46 731
73 22 732
44 33 733
121 84 734
140 144 735
83 47 736
72 134 737
147 9 738
137 28 739
44 132 740
69 110 741
119 96 742
35 25 743
150 3 744
112 127 745
117 43 746
2 94 747
74 101 748
95 92 749
42 14 750
71 85 751
81 76 752
74 116 753
32 70 754
8 33 755
20 59 756
49 35 757
59 11 758
41 122 759
13 27 760
100 1 761
146 24 762
81 117 763
5 37 764
74 134 765
24 78 766
124 12 767
12 132 768
44 135 769
67 28 770
54 94 771
36 149 772
16 60 773
90 70 774
12 5 775
76 100 776
48 81 777
33 60 778
62 49 779
42 70 780
5 20 781
81 52 782
119 139 783
7 61 784
126 1 785
97 76 786
103 35 787
64 28 788
42 61 789
32 59 790
14 114 791
13 34 792
58 126 793
63 102 794
121 84 795
34 57 796
18 48 797
84 114 798
1 43 799
33 90 800
148 38 801
109 112 802
83 120 803
145 72 804
58 98 805
26 84 806
145 62 807
3 77 808
12 138 809
24 92 810
88 8 811
38 129 812
119 87 813
145 80 814
19 93 815
47 120 816
33 63 817
46 68 818
119 112 819
117 43 820
116 55 821
73 135 822
18 8 823
64 149 824
145 129 825
147 20 826
136 23 827
83 48 828
52 140 829
3 99 830
35 89 831
115 23 832
39 119 833
75 46 834
37 130 835
39 42 836
130 149 837
126 57 838
11 74 839
26 19 840
87 94 841
87 17 842
89 140 843
92 134 844
37 150 845
86 97 846
144 39 847
44 53 848
139 28 849
5 17 850
26 10 851
11 23 852
66 37 853
38 99 854
87 141 855
57 30 856
69 118 857
23 115 858
89 48 859
43 25 860
32 57 861
25 112 862
24 132 863
81 54 864
58 127 865
20 43 866
61 97 867
38 140 868
52 23 869
11 79 870
105 22 871
15 74 872
74 51 873
90 48 874
92 64 875
37 26 876
75 29 877
47 55 878
135 136 879
63 19 880
62 93 881
39 66 882
146 14 883
87 86 884
105 57 885
22 67 886
76 135 887
33 1 888
94 68 889
48 37 890
18 100 891
150 35 892
52 13 893
85 141 894
69 93 895
34 51 896
91 119 897
45 119 898
103 111 899
112 56 900
47 15 901
44 71 902
139 1 903
52 111 904
109 24 905
114 144 906
105 30 907
52 28 908
134 114 909
28 22 910
132 25 911
82 116 912
79 37 913
41 103 914
69 87 915
39 84 916
27 68 917
2 50 918
86 29 919
85 89 920
11 85 921
78 43 922
37 141 923
132 92 924
119 120 925
140 116 926
117 35 927
47 70 928
30 129 929
40 24 930
77 147 931
59 36 932
84 16 933
62 121 934
106 141 935
22 45 936
144 46 937
107 67 938
102 94 939
105 94 940
10 144 941
92 114 942
92 149 943
113 55 944
107 70 945
7 54 946
113 77 947
46 135 948
128 37 949
18 148 950
120 58 951
40 85 952
83 78 953
89 67 954
117 99 955
8 94 956
108 129 957
28 26 958
132 110 959
139 49 960
129 79 961
121 89 962
28 8 963
69 139 964
17 88 965
118 69 966
16 7 967
74 58 968
98 49 969
137 63 970
146 57 971
8 66 972
42 125 973
101 100 974
72 17 975
120 83 976
26 55 977
132 109 978
20 17 979
101 92 980
39 133 981
116 6 982
65 28 983
3 29 984
32 138 985
88 95 986
139 101 987
105 124 988
25 1 989
89 18 990
48 68 991
82 40 992
145 140 993
111 130 994
19 104 995
9 10 996
116 137 997
143 18 998
67 41 999
92 52 1000
4 59 71
43 132 60
105 149 107
116 60 27
43 40 150
82 58 41
37 37 137
101 81 890
50 116 54
141 10 5
26 148 115
128 133 62
97 29 435
149 7 148
25 93 86
77 59 134
4 150 133
9 130 970
50 125 442
146 84 18
2 107 60
147 49 134
57 89 66
42 132 81
131 47 77
144 68 33
13 60 82
36 13 92
79 136 19
139 76 111
79 97 113
143 64 46
21 98 86
37 4 69
132 49 878
140 84 148
5 83 55
93 20 20
55 58 108
36 41 109
89 27 75
51 32 72
123 29 104
57 136 51
64 15 106
18 44 21
41 17 135
128 16 113
38 13 146
75 139 131
149 138 100
77 89 27
97 90 597
62 54 119
20 25 490
106 148 41
81 40 128
121 146 56
93 66 104
31 120 88
36 100 333
35 20 91
145 96 572
11 131 15
87 40 217
106 27 68
80 58 639
104 27 60
54 38 118
16 37 21
47 34 75
78 95 15
149 22 143
140 92 121
145 145 41
142 40 19
99 38 40
78 48 133
128 101 144
79 142 145
84 42 466
8 40 38
75 27 811
131 78 5
58 50 149
31 121 80
129 4 7
45 141 81
16 11 48
68 19 135
17 60 138
81 113 8
74 111 33
97 6 47
5 56 91
147 18 114
144 13 963
133 67 81
129 147 102
74 21 819
51 49 39
119 42 68
59 60 150
64 63 746
91 94 487
142 57 12
150 86 121
85 45 22
64 104 116
131 21 110
44 84 62
133 23 82
18 145 109
143 83 43
104 37 125
144 34 90
129 143 132
140 35 23
130 51 149
77 147 76
14 90 53
89 139 172
49 84 314
8 41 142
121 148 32
129 52 3
98 71 149
85 141 97
120 37 73
4 126 47
50 44 115
37 116 94
4 38 128
53 53 32
134 106 149
60 89 243
141 17 139
77 94 148
18 110 75
103 119 116
117 123 34
61 143 256
133 73 403
71 105 117
67 16 55
48 118 87
49 72 38
115 76 639
5 61 58
138 112 135
147 140 13
106 80 15
31 132 5
148 72 40
13 94 79
44 117 94
37 147 96
13 104 47
85 113 28
126 115 104
108 90 7
38 16 137
93 6 26
144 61 29
74 149 70
138 17 53
30 50 584
54 129 78
93 83 145
143 135 701
39 93 19
99 108 125
52 18 23
38 48 943
71 28 12
99 123 86
90 41 134
72 27 124
116 77 46
100 34 124
10 28 843
46 150 125
75 64 11
64 141 20
131 60 120
34 66 630
37 50 133
25 79 72
64 19 88
3 16 53
94 58 143
24 127 108
116 96 200
51 107 7
97 5 82
79 72 561
122 4 110
40 17 3
9 80 71
112 27 74
105 67 55
46 61 111
93 7 148
75 49 51
27 15 80
28 52 93
120 124 55
134 143 46
31 131 44
3 111 312
132 8 49
112 124 116
4 36 17
114 2 595
123 13 126
5 78 44
38 86 260
82 54 12
13 58 54
87 72 62
62 139 140
50 34 110
17 96 6
79 89 28
5 60 147
62 129 114
105 134 248
129 116 95
88 129 12
79 71 771
129 73 155
85 135 719
39 123 30
134 25 418
20 96 111
97 4 4
122 37 137
51 21 64
121 32 13
93 64 135
117 61 14
25 17 5
127 138 93
41 80 139
132 9 328
77 146 136
101 27 104
79 24 48
130 65 41
24 54 78
69 78 24
12 131 40
110 61 47
37 25 21
132 35 32
59 134 758
85 44 130
107 16 29
95 135 36
76 93 121
133 64 76
139 44 913
134 70 485
110 119 51
53 12 203
127 123 426
14 32 38
3 24 136
127 76 41
59 39 10
34 12 150
128 86 27
58 121 762
91 131 343
91 43 142
50 36 99
120 21 488
38 67 38
68 132 45
53 29 100
49 70 75
114 81 130
29 66 508
72 22 142
148 146 25
136 6 878
114 134 36
33 148 34
66 53 63
55 84 776
28 115 112
125 67 112
36 35 12
103 102 68
149 27 59
103 45 62
8 26 70
59 140 7
37 141 110
91 77 889
54 56 90
18 54 103
136 6 62
142 40 10
95 19 49
15 17 516
69 50 910
45 54 66
127 64 113
29 81 56
137 136 959
65 75 39
105 13 128
2 1 9
7 64 118
49 94 57
37 18 72
11 59 1
88 117 48
135 128 96
108 79 24
21 118 125
44 114 138
124 6 55
105 115 538
143 110 608
138 53 557
134 112 21
147 103 63
32 93 68
79 13 58
49 9 83
130 119 145
99 82 133
21 70 80
66 128 240
90 45 123
36 75 211
103 61 29
25 21 133
81 62 883
71 123 46
64 11 564
32 130 58
75 49 49
24 130 38
59 96 869
79 96 128
87 52 51
66 134 114
18 107 115
52 40 66
72 46 80
109 146 500
22 7 147
60 110 740
133 145 14
142 4 122
8 39 59
119 137 136
14 4 128
148 78 133
20 56 12
93 6 741
78 120 124
34 57 822
115 147 20
24 31 605
52 43 32
120 88 102
102 89 95
126 2 136
74 89 46
49 139 45
45 68 38
22 108 243
53 19 80
130 102 5
81 54 43
80 12 123
8 88 108
20 13 5
29 62 51
16 85 84
48 96 12
120 21 8
22 54 36
2 75 108
130 119 8
52 31 134
35 77 913
113 36 80
85 101 148
59 99 5
150 146 753
143 133 121
128 121 24
76 145 10
26 126 77
28 17 97
58 17 156
138 71 76
96 38 371
116 127 64
115 55 82
145 64 161
122 63 13
103 127 133
48 149 56
124 15 16
115 44 18
120 41 100
110 133 10
138 14 866
28 76 121
13 28 55
115 85 48
5 59 34
87 144 85
16 5 29
107 123 548
57 124 65
31 73 617
49 7 73
136 19 66
31 34 6
131 23 62
33 56 10
56 127 739
109 62 51
84 117 51
52 68 118
134 28 993
122 42 891
76 3 141
62 134 73
66 48 89
13 146 117
54 21 553
43 101 3
70 130 139
38 102 677
71 26 126
35 82 31
103 98 1
74 83 31
129 53 55
29 135 34
65 141 105
100 58 138
125 85 124
21 46 58
72 137 134
109 83 87
54 119 33
143 34 7
111 50 18
84 118 62
89 27 737
65 140 46
38 130 2
3 56 35
47 9 70
95 15 60
125 83 72
107 15 101
84 22 50
102 85 137
86 129 47
53 19 15
104 132 122
128 148 421
47 118 95
126 13 843
141 106 100
43 51 138
147 137 66
146 74 128
6 87 50
64 89 11
126 52 46
56 102 41
15 134 19
85 98 103
36 97 126
9 141 389
148 24 395
1 83 633
86 118 114
20 136 141
150 102 41
73 53 121
150 54 145
24 129 52
42 45 15
6 60 61
54 90 93
45 8 114
15 54 80
85 31 495
103 70 104
68 150 64
28 40 34
58 100 80
3 22 4
38 49 5
71 26 134
144 133 11
34 11 415
90 83 91
87 68 71
105 90 108
91 110 17
125 57 64
49 101 100
45 128 137
78 133 142
93 14 95
57 61 15
139 138 113
4 65 804
105 34 19
58 70 37
59 77 5
36 40 147
110 79 406
29 131 2
141 34 77
1 139 35
106 104 116
145 57 127
79 105 1
141 96 40
93 103 36
89 17 135
119 7 101
98 150 28
110 90 283
67 110 43
24 91 104
142 109 447
21 128 830
115 105 948
68 39 15
36 89 117
40 21 681
120 93 29
117 120 79
70 32 28
12 17 794
138 104 41
40 97 98
26 48 135
127 47 100
89 39 109
75 112 172
72 14 256
9 72 55
149 127 62
117 55 96
43 138 214
107 100 116
69 140 5
137 55 144
127 131 3
78 127 104
46 21 875
147 1 6
28 43 1
60 70 19
93 100 9
51 127 957
31 107 10
26 73 47
65 4 96
22 148 86
54 131 127
55 146 31
122 150 139
70 55 137
91 85 98
18 18 90
55 112 485
127 94 112
78 57 136
134 124 56
137 35 2
55 141 10
120 117 201
41 42 85
132 89 23
83 36 93
135 13 42
66 82 134
61 41 114
43 83 48
5 85 391
126 74 138
91 10 50
73 132 2
117 142 85
5 5 447
123 20 78
143 139 77
93 94 34
141 4 84
133 106 112
35 86 11
5 78 43
121 12 117
30 147 295
54 133 134
84 136 48
63 32 104
15 44 31
30 109 61
36 85 57
64 129 126
110 98 129
51 62 25
121 55 132
76 87 4
36 110 67
27 97 4
43 136 117
100 146 125
98 19 132
150 87 1
70 114 84
122 111 29
51 9 24
103 150 10
143 5 60
116 128 594
135 62 64
136 111 85
38 131 68
98 17 61
143 137 76
25 54 131
49 86 146
121 71 349
40 126 91
124 104 57
125 107 496
31 143 14
62 88 92
119 112 1
44 56 58
101 65 34
38 36 74
133 8 5
84 120 96
12 73 66
55 11 75
16 69 36
22 51 118
79 146 15
74 100 591
8 132 60
46 142 130
16 116 31
39 142 111
86 37 452
48 141 61
125 21 115
21 114 150
30 24 3
94 72 490
69 48 2
73 137 35
46 114 147
46 79 985
9 40 147
127 44 79
46 100 114
75 142 34
105 148 287
90 54 63
64 83 1
46 44 125
129 113 69
61 107 100
149 97 842
89 3 4
20 2 129
97 120 27
117 2 895
135 130 113
105 110 72
116 25 37
135 37 129
93 79 141
143 92 3
43 52 43
8 143 735
60 37 30
68 53 148
59 122 548
29 145 21
53 128 31
18 111 145
116 132 89
113 17 103
89 117 88
118 15 967
35 9 35
53 21 460
26 95 148
7 133 99
75 116 128
30 6 105
132 124 119
99 123 385
73 51 102
5 93 138
76 12 142
50 54 147
42 12 22
100 28 19
40 66 113
63 124 72
116 50 920
66 82 47
139 81 101
74 55 47
27 11 98
87 150 16
121 123 34
113 36 98
141 56 105
65 8 543
75 6 557
49 6 482
97 12 67
46 31 135
22 124 72
18 13 666
121 46 74
118 149 33
57 110 148
70 45 335
143 15 99
72 147 500
149 54 669
115 126 22
118 44 114
82 114 35
57 56 3
137 13 60
30 40 24
100 46 14
32 16 34
135 53 119
133 66 17
21 101 88
125 140 104
141 103 4
115 127 76
91 108 81
9 36 3
146 40 124
27 94 53
124 112 45
20 146 49
31 33 147
144 117 81
146 71 1
88 105 100
42 118 29
49 129 147
89 84 6
40 27 784
96 117 55
37 10 92
38 40 42
122 73 43
60 125 120
90 44 31
65 74 121
40 141 753
83 45 40
24 150 10
34 40 54
120 38 38
124 130 554
47 17 62
67 60 90
131 30 416
79 89 128
52 126 91
88 67 137
47 135 85
117 95 110
127 124 638
42 138 463
116 23 85
79 141 150
68 92 882
31 103 537
79 122 668
144 46 84
26 65 148
117 26 251
40 4 34
119 67 30
35 139 169
66 116 69
127 9 469
104 66 65
129 91 34
92 92 352
119 109 71
140 16 109
80 80 150
54 59 127
30 72 41
50 5 47
149 26 86
122 92 110
30 125 135
59 41 46
115 48 471
64 9 22
83 46 60
62 135 84
51 24 92
119 138 87
88 80 132
65 47 529
144 57 117
137 42 501
5 98 58
57 113 84
96 98 43
106 25 509
14 100 66
9 60 114
30 129 146
140 124 137
108 100 647
63 116 83
115 61 89
79 66 116
138 34 57
42 10 139
11 8 53
63 3 321
139 94 955
29 142 53
99 49 67
103 98 52
118 117 91
45 44 442
128 1 34
19 134 79
140 142 8
81 25 148
59 64 30
41 11 89
12 21 134
21 65 122
132 39 80
14 7 16
13 39 384
100 35 50
2 131 26
125 144 99
38 20 140
31 112 14
148 89 67
43 48 569
141 107 138
107 60 128
106 76 91
28 61 137
41 57 140
41 125 138
25 55 119
60 4 10
6 112 145
82 27 348
106 113 37
148 58 123
37 80 14
126 114 139
68 92 40
89 124 76
64 47 145
46 83 107
129 40 114
108 120 108
131 57 76
51 131 35
142 78 72
98 128 101
57 5 109
91 128 6
22 110 248
22 135 79
123 58 623
57 88 54
65 57 84
130 4 87
20 34 75
120 62 521
64 12 139
73 127 53
69 104 18
89 77 92
84 96 12
115 29 150
11 116 93
91 125 68
132 40 28
24 106 11
28 6 402
51 36 846
48 131 8
41 29 138
97 120 101
3 92 38
17 72 91
74 135 51
141 112 36
106 41 74
84 50 139
8 6 150
134 70 50
131 108 108
49 6 956
84 115 122
130 136 28
52 74 537
43 61 91
99 126 14
53 92 554
136 71 4
129 127 63
134 82 70
149 98 870
70 99 9
96 91 77
145 76 611
27 114 46
91 1 853
86 75 18
31 58 72
89 119 135
56 56 83
42 7 514
95 49 36
31 69 107
42 150 125
137 38 61
89 105 122
66 43 277
1 31 95
69 77 146
110 73 81
104 8 117
22 141 94
141 63 712
11 66 65
67 98 69
104 17 121
72 71 136
88 94 56
19 137 139
25 90 16
113 79 44
127 140 943
143 31 146
86 59 61
37 147 48
135 30 85
64 14 16
102 55 75
10 106 107
72 48 63
93 44 29
108 41 55
110 46 23
18 84 42
94 117 77
45 123 10
13 44 2
71 93 79
66 58 33
126 47 54
4 103 55
23 80 102
141 43 77
15 12 121
41 20 100
8 52 116
95 98 10
29 82 110
114 114 17
13 110 51
