150 3000 1000
112 111 1
11 93 2
143 76 3
121 147 4
113 39 5
142 58 6
112 93 7
40 52 8
93 88 9
141 127 10
20 22 11
21 122 12
120 141 13
87 85 14
143 17 15
73 23 16
69 83 17
117 123 18
74 20 19
9 69 20
41 13 21
99 24 22
120 58 23
149 124 24
46 126 25
118 71 26
120 103 27
78 143 28
67 125 29
62 56 30
131 134 31
96 48 32
106 145 33
146 105 34
81 72 35
48 27 36
14 5 37
73 132 38
58 25 39
88 69 40
148 30 41
69 82 42
39 120 43
77 93 44
131 26 45
3 100 46
117 116 47
33 75 48
11 105 49
91 17 50
60 110 51
64 35 52
96 41 53
95 69 54
30 33 55
73 109 56
65 4 57
75 48 58
93 90 59
147 55 60
150 49 61
62 67 62
54 62 63
25 72 64
20 132 65
37 20 66
93 71 67
144 27 68
100 12 69
110 90 70
100 53 71
89 84 72
140 48 73
5 9 74
58 72 75
45 86 76
25 147 77
87 69 78
107 62 79
39 36 80
53 39 81
62 134 82
73 84 83
62 129 84
84 113 85
111 5 86
136 115 87
29 119 88
34 87 89
24 125 90
83 102 91
80 24 92
10 148 93
25 9 94
6 86 95
29 59 96
28 14 97
129 27 98
61 63 99
1 13 100
144 90 101
141 26 102
35 61 103
44 14 104
139 112 105
17 40 106
74 82 107
94 47 108
139 95 109
123 95 110
102 149 111
58 123 112
147 13 113
129 4 114
3 144 115
134 9 116
102 64 117
46 17 118
95 146 119
43 1 120
16 53 121
97 21 122
94 55 123
123 101 124
62 24 125
126 132 126
123 144 127
29 32 128
92 150 129
109 143 130
38 112 131
142 115 132
36 86 133
75 65 134
45 68 135
126 83 136
69 58 137
111 121 138
115 92 139
43 103 140
27 82 141
79 2 142
116 10 143
21 121 144
130 98 145
58 37 146
92 27 147
146 32 148
118 119 149
9 90 150
113 85 151
80 84 152
140 65 153
52 130 154
114 145 155
53 55 156
116 78 157
126 149 158
7 41 159
103 99 160
5 45 161
121 38 162
123 127 163
7 113 164
136 83 165
31 150 166
146 121 167
21 127 168
2 74 169
138 4 170
29 143 171
60 63 172
109 150 173
39 44 174
126 87 175
98 110 176
34 39 177
99 146 178
135 16 179
12 18 180
80 30 181
34 40 182
66 141 183
69 146 184
91 17 185
22 90 186
134 57 187
129 86 188
2 129 189
49 23 190
95 150 191
91 52 192
28 125 193
3 16 194
150 21 195
53 57 196
102 91 197
149 23 198
85 6 199
135 85 200
27 66 201
103 86 202
63 39 203
115 53 204
89 143 205
40 59 206
76 96 207
4 109 208
147 56 209
32 58 210
72 133 211
63 93 212
39 23 213
67 3 214
93 122 215
56 149 216
146 5 217
132 10 218
72 54 219
46 114 220
49 45 221
107 66 222
123 71 223
86 150 224
103 114 225
64 47 226
137 70 227
101 110 228
91 44 229
17 146 230
81 139 231
5 92 232
118 82 233
74 117 234
146 123 235
76 19 236
88 36 237
15 138 238
94 98 239
139 101 240
53 128 241
26 67 242
13 62 243
48 78 244
77 69 245
88 27 246
69 21 247
135 8 248
140 75 249
78 31 250
3 134 251
48 25 252
18 110 253
107 10 254
94 96 255
145 102 256
56 2 257
45 150 258
69 135 259
143 20 260
128 21 261
8 58 262
112 7 263
36 4 264
80 98 265
139 46 266
74 34 267
146 88 268
27 108 269
82 50 270
43 26 271
55 118 272
104 23 273
146 51 274
35 58 275
65 30 276
110 106 277
112 17 278
65 81 279
38 66 280
117 19 281
55 125 282
61 97 283
145 54 284
5 111 285
95 17 286
111 112 287
46 31 288
34 100 289
118 144 290
44 27 291
1 20 292
55 37 293
9 138 294
112 39 295
64 26 296
117 81 297
135 4 298
145 128 299
110 69 300
108 115 301
25 35 302
132 23 303
100 144 304
118 7 305
56 141 306
111 36 307
29 55 308
58 107 309
118 6 310
23 8 311
78 87 312
9 103 313
58 134 314
22 24 315
64 86 316
140 113 317
112 52 318
26 55 319
11 12 320
94 29 321
93 101 322
48 124 323
132 89 324
63 88 325
78 60 326
46 89 327
113 108 328
21 102 329
81 7 330
88 45 331
88 6 332
36 38 333
113 81 334
73 103 335
26 62 336
80 81 337
123 78 338
3 85 339
37 75 340
65 63 341
120 76 342
83 46 343
82 33 344
147 120 345
49 31 346
22 96 347
17 55 348
84 120 349
67 44 350
107 100 351
51 22 352
96 100 353
61 6 354
17 102 355
43 9 356
142 41 357
117 150 358
147 56 359
34 74 360
148 31 361
31 37 362
50 141 363
98 77 364
66 68 365
47 61 366
76 28 367
115 72 368
92 74 369
63 142 370
68 42 371
139 115 372
53 110 373
17 98 374
51 37 375
130 51 376
80 116 377
38 25 378
65 11 379
115 134 380
116 116 381
54 108 382
111 32 383
72 66 384
3 1 385
145 11 386
97 107 387
122 60 388
20 122 389
35 69 390
11 106 391
68 12 392
68 22 393
88 29 394
59 43 395
43 41 396
66 131 397
27 112 398
4 30 399
52 58 400
141 122 401
108 61 402
148 90 403
147 96 404
17 104 405
136 71 406
136 22 407
119 33 408
2 103 409
56 20 410
57 20 411
133 120 412
114 52 413
133 22 414
86 39 415
87 106 416
137 58 417
135 88 418
76 116 419
109 93 420
84 131 421
19 142 422
22 125 423
66 124 424
139 28 425
72 127 426
31 120 427
8 143 428
74 119 429
124 38 430
134 36 431
35 4 432
42 55 433
125 130 434
137 134 435
111 124 436
110 4 437
61 29 438
143 46 439
128 113 440
131 142 441
111 76 442
71 119 443
99 34 444
58 47 445
45 134 446
22 43 447
83 80 448
80 110 449
73 23 450
19 56 451
79 87 452
129 49 453
141 111 454
77 130 455
117 132 456
150 119 457
19 117 458
145 149 459
45 141 460
95 94 461
18 114 462
110 45 463
50 90 464
81 10 465
45 75 466
110 56 467
62 108 468
12 128 469
52 40 470
48 81 471
53 117 472
130 12 473
85 16 474
25 56 475
75 45 476
45 119 477
134 141 478
105 83 479
3 101 480
5 85 481
50 16 482
95 121 483
3 138 484
78 57 485
139 2 486
94 20 487
144 7 488
7 100 489
118 131 490
30 34 491
90 131 492
15 17 493
13 60 494
60 133 495
146 2 496
128 48 497
35 43 498
110 130 499
49 16 500
109 150 501
75 56 502
122 38 503
56 25 504
80 59 505
138 131 506
144 32 507
103 22 508
150 34 509
129 89 510
117 80 511
124 38 512
107 138 513
38 141 514
54 8 515
105 48 516
39 67 517
4 76 518
136 29 519
16 69 520
33 108 521
104 115 522
150 99 523
46 90 524
72 45 525
144 98 526
79 150 527
90 139 528
34 5 529
93 45 530
62 89 531
102 58 532
82 144 533
145 10 534
39 92 535
101 33 536
11 78 537
148 11 538
30 94 539
28 65 540
5 15 541
101 59 542
82 86 543
87 71 544
13 127 545
115 81 546
80 73 547
125 77 548
86 111 549
73 58 550
52 125 551
37 4 552
64 111 553
111 121 554
67 85 555
148 45 556
4 56 557
128 99 558
144 23 559
66 35 560
49 79 561
19 8 562
7 70 563
54 39 564
97 80 565
23 71 566
125 85 567
133 136 568
5 113 569
127 31 570
141 88 571
95 45 572
54 59 573
63 14 574
1 9 575
101 139 576
148 112 577
37 58 578
6 14 579
70 28 580
95 21 581
118 72 582
108 25 583
145 119 584
110 97 585
147 96 586
96 14 587
148 54 588
45 59 589
150 120 590
117 51 591
7 23 592
12 121 593
111 111 594
24 91 595
83 32 596
123 48 597
23 21 598
2 125 599
115 65 600
25 110 601
104 79 602
13 116 603
13 128 604
94 102 605
90 102 606
142 52 607
106 134 608
75 49 609
42 124 610
68 25 611
129 78 612
141 57 613
95 48 614
86 146 615
113 17 616
77 21 617
47 90 618
84 11 619
133 63 620
85 80 621
143 32 622
59 10 623
13 85 624
104 96 625
20 33 626
2 72 627
9 59 628
25 87 629
112 31 630
142 55 631
128 46 632
138 115 633
89 81 634
18 108 635
26 37 636
118 46 637
125 1 638
44 135 639
80 146 640
67 144 641
24 148 642
101 32 643
8 44 644
31 121 645
9 125 646
117 54 647
42 86 648
67 102 649
64 52 650
141 15 651
85 131 652
127 115 653
78 55 654
62 133 655
18 105 656
12 86 657
111 117 658
87 32 659
94 112 660
17 136 661
17 100 662
5 117 663
148 43 664
88 56 665
113 76 666
144 80 667
62 18 668
58 128 669
147 92 670
42 66 671
128 54 672
122 41 673
140 85 674
68 13 675
47 88 676
139 106 677
33 14 678
118 17 679
140 95 680
56 144 681
100 31 682
33 82 683
10 120 684
141 138 685
36 47 686
24 30 687
56 135 688
139 125 689
48 41 690
102 108 691
18 79 692
19 83 693
86 112 694
64 87 695
107 119 696
107 145 697
35 125 698
14 46 699
148 95 700
72 45 701
44 106 702
138 81 703
62 97 704
79 97 705
147 21 706
7 113 707
103 110 708
42 130 709
21 57 710
69 120 711
142 116 712
65 149 713
27 57 714
89 70 715
27 23 716
132 59 717
55 10 718
38 17 719
125 55 720
34 146 721
34 67 722
123 100 723
99 98 724
28 86 725
115 135 726
23 73 727
132 86 728
62 93 729
117 130 730
64 37 731
60 52 732
11 101 733
28 55 734
68 134 735
139 99 736
84 36 737
51 91 738
100 8 739
65 41 740
112 87 741
147 48 742
52 112 743
104 69 744
150 140 745
49 98 746
6 35 747
19 83 748
69 72 749
150 103 750
83 88 751
111 1 752
18 114 753
31 24 754
42 64 755
32 127 756
45 48 757
70 53 758
42 133 759
71 23 760
48 96 761
123 85 762
1 119 763
45 73 764
32 48 765
110 121 766
53 81 767
34 54 768
45 149 769
46 66 770
100 76 771
7 11 772
9 110 773
48 44 774
34 77 775
144 109 776
101 118 777
116 34 778
30 68 779
90 128 780
24 20 781
57 95 782
101 23 783
13 4 784
7 111 785
107 105 786
4 115 787
51 5 788
120 43 789
130 85 790
112 77 791
121 27 792
95 16 793
111 29 794
27 24 795
28 94 796
67 137 797
146 16 798
45 41 799
139 19 800
109 145 801
71 148 802
38 62 803
51 35 804
106 78 805
129 124 806
96 65 807
5 141 808
57 105 809
134 134 810
91 74 811
42 34 812
117 95 813
10 76 814
4 104 815
15 116 816
105 22 817
62 56 818
132 143 819
3 138 820
51 126 821
110 114 822
120 114 823
142 108 824
53 50 825
146 37 826
150 51 827
37 150 828
111 119 829
67 87 830
130 73 831
62 69 832
33 96 833
33 41 834
116 111 835
122 146 836
130 123 837
80 44 838
136 11 839
36 34 840
25 103 841
121 127 842
69 130 843
77 12 844
134 142 845
128 116 846
21 140 847
49 2 848
79 145 849
42 71 850
52 115 851
52 148 852
39 70 853
38 58 854
42 52 855
114 146 856
35 73 857
121 65 858
124 81 859
148 93 860
40 12 861
28 31 862
44 9 863
114 28 864
45 94 865
74 97 866
52 49 867
109 72 868
4 125 869
7 116 870
4 32 871
61 142 872
75 67 873
134 131 874
94 4 875
47 5 876
114 119 877
44 88 878
63 29 879
68 13 880
31 80 881
149 61 882
25 84 883
114 60 884
17 79 885
31 102 886
135 102 887
35 138 888
122 49 889
33 39 890
103 44 891
8 110 892
54 100 893
109 113 894
73 59 895
134 122 896
122 47 897
34 21 898
130 37 899
100 79 900
136 81 901
147 15 902
131 144 903
34 103 904
66 133 905
122 27 906
62 6 907
6 141 908
60 104 909
94 115 910
73 85 911
71 31 912
30 58 913
148 123 914
125 2 915
137 13 916
35 77 917
34 95 918
88 84 919
99 45 920
112 73 921
74 149 922
143 40 923
73 51 924
112 88 925
16 43 926
105 124 927
64 94 928
122 48 929
70 14 930
83 36 931
53 99 932
68 6 933
73 66 934
134 97 935
26 39 936
67 122 937
141 96 938
103 109 939
53 146 940
92 139 941
63 83 942
96 3 943
106 40 944
95 32 945
71 31 946
28 5 947
19 45 948
41 37 949
27 57 950
143 46 951
20 81 952
19 108 953
92 99 954
31 136 955
141 36 956
45 41 957
62 5 958
73 44 959
98 33 960
91 18 961
74 80 962
30 124 963
125 45 964
140 114 965
7 79 966
75 44 967
58 135 968
4 87 969
142 122 970
114 103 971
144 149 972
65 52 973
149 49 974
11 14 975
78 140 976
8 14 977
66 101 978
109 114 979
24 64 980
86 45 981
24 70 982
72 28 983
143 72 984
24 29 985
130 67 986
39 77 987
138 66 988
97 45 989
19 92 990
149 90 991
43 131 992
38 118 993
137 122 994
4 45 995
54 134 996
45 68 997
55 148 998
22 34 999
50 48 1000
97 65 1001
15 87 1002
142 45 1003
79 25 1004
16 51 1005
56 33 1006
11 30 1007
115 98 1008
7 40 1009
2 108 1010
29 96 1011
51 109 1012
102 143 1013
5 4 1014
131 88 1015
30 1 1016
58 103 1017
116 57 1018
106 79 1019
8 28 1020
46 84 1021
51 104 1022
118 33 1023
23 14 1024
90 36 1025
82 142 1026
55 109 1027
149 61 1028
108 148 1029
72 30 1030
106 83 1031
24 112 1032
54 127 1033
94 22 1034
83 92 1035
61 134 1036
31 47 1037
119 25 1038
42 80 1039
137 13 1040
93 41 1041
108 80 1042
13 121 1043
130 101 1044
141 119 1045
53 92 1046
147 36 1047
96 128 1048
1 121 1049
81 112 1050
52 24 1051
61 5 1052
123 27 1053
150 54 1054
1 61 1055
51 25 1056
23 16 1057
67 112 1058
135 61 1059
147 42 1060
35 4 1061
95 104 1062
25 9 1063
51 68 1064
96 76 1065
66 111 1066
81 82 1067
25 38 1068
148 150 1069
55 114 1070
13 128 1071
27 19 1072
134 134 1073
20 148 1074
35 107 1075
11 132 1076
1 11 1077
147 135 1078
75 13 1079
51 84 1080
3 131 1081
33 139 1082
117 61 1083
24 101 1084
23 75 1085
122 137 1086
114 28 1087
46 35 1088
115 47 1089
66 118 1090
77 46 1091
124 141 1092
85 13 1093
32 126 1094
130 115 1095
2 84 1096
80 133 1097
86 18 1098
5 23 1099
23 30 1100
3 137 1101
130 71 1102
4 136 1103
4 149 1104
50 17 1105
51 121 1106
89 143 1107
25 125 1108
30 127 1109
15 51 1110
55 45 1111
11 46 1112
41 76 1113
86 44 1114
55 71 1115
109 100 1116
58 14 1117
15 51 1118
29 123 1119
5 72 1120
75 3 1121
88 60 1122
49 40 1123
132 139 1124
98 110 1125
3 40 1126
50 14 1127
15 148 1128
62 32 1129
72 93 1130
12 121 1131
59 121 1132
3 48 1133
116 67 1134
7 1 1135
115 4 1136
107 108 1137
67 143 1138
67 78 1139
3 116 1140
14 70 1141
142 25 1142
112 125 1143
70 93 1144
18 2 1145
86 118 1146
20 52 1147
59 38 1148
6 60 1149
18 60 1150
116 116 1151
1 144 1152
30 11 1153
38 12 1154
36 122 1155
15 2 1156
102 140 1157
149 39 1158
52 8 1159
126 115 1160
147 63 1161
44 118 1162
120 85 1163
118 3 1164
15 29 1165
145 8 1166
35 120 1167
60 148 1168
125 38 1169
136 10 1170
46 150 1171
43 15 1172
2 146 1173
36 56 1174
84 59 1175
40 106 1176
142 140 1177
7 101 1178
136 105 1179
85 150 1180
112 150 1181
110 27 1182
126 130 1183
125 8 1184
125 93 1185
142 107 1186
137 34 1187
113 59 1188
102 133 1189
57 66 1190
69 65 1191
92 40 1192
8 29 1193
57 91 1194
23 120 1195
135 138 1196
146 108 1197
67 66 1198
133 22 1199
91 33 1200
72 74 1201
140 17 1202
67 127 1203
60 9 1204
93 14 1205
33 96 1206
147 59 1207
85 12 1208
99 30 1209
133 135 1210
122 90 1211
65 89 1212
125 117 1213
97 147 1214
114 2 1215
122 39 1216
50 91 1217
6 49 1218
104 6 1219
62 43 1220
125 3 1221
99 95 1222
80 52 1223
98 92 1224
35 1 1225
48 13 1226
136 17 1227
12 69 1228
112 73 1229
70 11 1230
27 102 1231
58 60 1232
1 132 1233
75 109 1234
138 30 1235
137 7 1236
103 75 1237
11 63 1238
141 83 1239
100 60 1240
84 40 1241
71 43 1242
100 27 1243
7 89 1244
3 47 1245
109 36 1246
131 85 1247
96 47 1248
19 97 1249
89 108 1250
37 82 1251
122 118 1252
94 66 1253
81 70 1254
86 18 1255
118 25 1256
66 13 1257
17 30 1258
2 130 1259
135 39 1260
89 22 1261
19 2 1262
63 125 1263
10 75 1264
28 112 1265
111 62 1266
69 144 1267
52 45 1268
132 55 1269
16 141 1270
88 121 1271
15 26 1272
95 11 1273
35 116 1274
77 145 1275
8 37 1276
110 142 1277
21 40 1278
13 70 1279
93 54 1280
22 17 1281
64 71 1282
3 38 1283
80 114 1284
117 101 1285
76 34 1286
51 115 1287
120 9 1288
123 137 1289
120 77 1290
89 19 1291
107 26 1292
26 30 1293
32 40 1294
118 102 1295
150 98 1296
140 95 1297
95 40 1298
87 53 1299
39 33 1300
79 56 1301
146 31 1302
130 51 1303
27 106 1304
97 106 1305
70 94 1306
37 109 1307
142 84 1308
9 135 1309
125 89 1310
30 144 1311
54 89 1312
138 109 1313
89 57 1314
5 2 1315
113 32 1316
36 55 1317
121 80 1318
59 25 1319
93 84 1320
31 94 1321
126 67 1322
23 121 1323
13 124 1324
97 139 1325
29 65 1326
19 15 1327
8 45 1328
138 116 1329
59 52 1330
1 111 1331
12 91 1332
96 105 1333
66 134 1334
140 14 1335
65 131 1336
87 138 1337
21 133 1338
56 119 1339
57 48 1340
145 63 1341
148 80 1342
19 94 1343
51 23 1344
110 116 1345
138 70 1346
123 119 1347
89 82 1348
41 60 1349
138 32 1350
89 51 1351
126 53 1352
111 36 1353
40 84 1354
137 62 1355
55 26 1356
21 126 1357
143 133 1358
78 41 1359
102 82 1360
90 106 1361
70 111 1362
51 39 1363
2 43 1364
98 70 1365
104 68 1366
40 118 1367
39 145 1368
97 51 1369
14 28 1370
38 5 1371
61 149 1372
94 26 1373
149 10 1374
98 24 1375
81 116 1376
30 76 1377
2 95 1378
61 133 1379
118 48 1380
125 146 1381
1 52 1382
142 92 1383
71 37 1384
119 136 1385
80 110 1386
124 49 1387
102 43 1388
134 85 1389
143 49 1390
41 78 1391
17 59 1392
98 30 1393
76 129 1394
48 54 1395
126 11 1396
100 76 1397
9 100 1398
140 42 1399
15 145 1400
139 41 1401
113 98 1402
69 51 1403
98 137 1404
56 8 1405
72 76 1406
38 8 1407
65 144 1408
10 116 1409
21 52 1410
36 136 1411
55 128 1412
13 10 1413
15 47 1414
114 82 1415
18 56 1416
146 95 1417
116 94 1418
84 103 1419
40 17 1420
142 26 1421
11 18 1422
17 4 1423
52 143 1424
149 109 1425
77 148 1426
66 26 1427
46 52 1428
70 44 1429
93 65 1430
145 56 1431
53 92 1432
96 52 1433
63 69 1434
123 69 1435
96 83 1436
59 14 1437
59 56 1438
24 15 1439
13 96 1440
143 27 1441
138 145 1442
64 9 1443
9 102 1444
11 117 1445
67 28 1446
7 71 1447
120 15 1448
28 99 1449
53 16 1450
93 48 1451
121 110 1452
83 141 1453
36 144 1454
51 18 1455
23 100 1456
125 20 1457
22 149 1458
67 23 1459
45 122 1460
24 97 1461
106 147 1462
146 140 1463
2 50 1464
47 131 1465
8 15 1466
69 127 1467
82 22 1468
95 41 1469
137 66 1470
58 117 1471
133 33 1472
22 99 1473
92 78 1474
63 61 1475
148 102 1476
146 13 1477
79 119 1478
18 76 1479
98 82 1480
89 54 1481
142 112 1482
20 124 1483
82 83 1484
41 40 1485
48 116 1486
87 65 1487
67 31 1488
96 133 1489
128 90 1490
141 66 1491
137 143 1492
95 24 1493
76 46 1494
133 34 1495
139 131 1496
92 139 1497
76 59 1498
97 37 1499
50 38 1500
30 11 1501
146 103 1502
12 53 1503
136 11 1504
107 56 1505
56 133 1506
119 104 1507
50 59 1508
40 15 1509
75 114 1510
80 132 1511
22 149 1512
71 147 1513
55 78 1514
22 5 1515
106 111 1516
138 67 1517
51 90 1518
104 139 1519
12 150 1520
82 45 1521
126 104 1522
14 140 1523
20 72 1524
66 14 1525
117 14 1526
63 14 1527
12 46 1528
93 54 1529
31 110 1530
146 100 1531
111 18 1532
6 72 1533
100 145 1534
52 126 1535
11 107 1536
143 106 1537
141 2 1538
78 81 1539
20 21 1540
103 49 1541
60 56 1542
21 105 1543
132 17 1544
76 147 1545
113 64 1546
117 82 1547
148 104 1548
77 65 1549
12 70 1550
112 91 1551
64 27 1552
81 124 1553
82 148 1554
146 47 1555
78 116 1556
69 6 1557
109 52 1558
143 122 1559
132 110 1560
83 107 1561
65 140 1562
119 113 1563
108 112 1564
40 79 1565
141 123 1566
51 74 1567
150 61 1568
70 124 1569
68 50 1570
96 103 1571
113 3 1572
26 65 1573
139 120 1574
61 45 1575
49 41 1576
12 8 1577
82 136 1578
81 28 1579
7 142 1580
114 76 1581
16 145 1582
23 145 1583
53 110 1584
115 50 1585
28 136 1586
128 73 1587
5 13 1588
38 38 1589
17 111 1590
97 117 1591
46 33 1592
141 56 1593
26 74 1594
104 8 1595
69 58 1596
123 15 1597
75 68 1598
78 119 1599
79 115 1600
84 85 1601
30 49 1602
88 98 1603
87 134 1604
150 44 1605
84 116 1606
97 105 1607
108 76 1608
50 100 1609
134 9 1610
15 98 1611
38 150 1612
118 94 1613
29 72 1614
148 85 1615
113 33 1616
33 110 1617
98 26 1618
104 89 1619
51 53 1620
106 50 1621
87 109 1622
147 107 1623
32 145 1624
149 133 1625
39 18 1626
141 34 1627
70 22 1628
53 48 1629
32 142 1630
33 150 1631
41 10 1632
112 96 1633
115 120 1634
87 42 1635
148 114 1636
84 99 1637
83 2 1638
61 34 1639
133 108 1640
14 10 1641
90 47 1642
144 32 1643
92 71 1644
44 80 1645
123 36 1646
98 41 1647
144 96 1648
6 133 1649
107 100 1650
48 11 1651
115 43 1652
124 81 1653
68 13 1654
85 3 1655
20 143 1656
37 97 1657
100 130 1658
100 121 1659
58 24 1660
41 12 1661
119 77 1662
55 102 1663
92 123 1664
63 131 1665
67 129 1666
129 81 1667
69 141 1668
18 60 1669
127 107 1670
84 80 1671
92 7 1672
77 25 1673
121 103 1674
118 140 1675
73 101 1676
60 109 1677
62 11 1678
33 121 1679
131 30 1680
100 119 1681
120 18 1682
37 80 1683
145 122 1684
88 69 1685
54 40 1686
52 144 1687
124 138 1688
138 97 1689
90 135 1690
104 69 1691
39 150 1692
33 62 1693
14 118 1694
29 149 1695
27 126 1696
13 66 1697
125 116 1698
30 110 1699
123 94 1700
26 27 1701
35 20 1702
83 47 1703
110 45 1704
143 99 1705
75 22 1706
82 41 1707
148 130 1708
122 141 1709
132 101 1710
83 143 1711
122 105 1712
51 102 1713
87 58 1714
30 143 1715
138 96 1716
68 55 1717
27 142 1718
3 58 1719
71 126 1720
81 42 1721
18 40 1722
90 27 1723
111 67 1724
23 113 1725
44 64 1726
107 77 1727
51 97 1728
8 40 1729
32 98 1730
141 138 1731
150 73 1732
134 146 1733
15 69 1734
106 34 1735
4 11 1736
4 84 1737
28 120 1738
134 111 1739
137 123 1740
16 103 1741
85 62 1742
41 52 1743
103 136 1744
62 15 1745
75 114 1746
35 71 1747
108 38 1748
129 126 1749
69 87 1750
146 85 1751
110 69 1752
48 12 1753
146 115 1754
30 108 1755
118 145 1756
26 33 1757
50 9 1758
93 143 1759
25 9 1760
140 145 1761
108 114 1762
30 59 1763
56 108 1764
35 63 1765
37 130 1766
17 76 1767
48 40 1768
30 3 1769
47 65 1770
134 107 1771
58 104 1772
13 104 1773
72 149 1774
118 142 1775
123 24 1776
17 123 1777
114 15 1778
13 1 1779
39 120 1780
53 22 1781
8 141 1782
56 135 1783
35 114 1784
51 67 1785
102 40 1786
13 78 1787
100 53 1788
103 92 1789
58 135 1790
140 49 1791
90 21 1792
1 72 1793
97 17 1794
64 20 1795
132 15 1796
150 144 1797
92 28 1798
83 121 1799
128 70 1800
145 74 1801
3 119 1802
17 118 1803
114 68 1804
34 138 1805
75 35 1806
93 127 1807
31 33 1808
67 58 1809
54 22 1810
120 34 1811
29 116 1812
124 131 1813
92 73 1814
35 17 1815
43 139 1816
41 137 1817
148 18 1818
10 51 1819
39 91 1820
132 91 1821
128 4 1822
132 67 1823
105 91 1824
121 61 1825
6 23 1826
28 145 1827
132 106 1828
7 118 1829
67 74 1830
85 137 1831
83 5 1832
121 117 1833
98 101 1834
24 118 1835
90 24 1836
49 97 1837
82 138 1838
25 56 1839
79 65 1840
149 72 1841
62 113 1842
18 75 1843
140 49 1844
126 44 1845
68 134 1846
13 90 1847
145 6 1848
97 51 1849
131 124 1850
41 12 1851
58 147 1852
25 81 1853
55 99 1854
141 105 1855
129 93 1856
107 22 1857
41 122 1858
70 146 1859
49 131 1860
29 49 1861
102 92 1862
71 59 1863
16 84 1864
47 38 1865
136 108 1866
89 129 1867
106 116 1868
63 125 1869
76 50 1870
79 106 1871
118 2 1872
113 112 1873
137 32 1874
14 74 1875
22 142 1876
107 65 1877
100 24 1878
144 94 1879
5 31 1880
33 38 1881
26 82 1882
146 88 1883
137 5 1884
97 80 1885
130 63 1886
53 145 1887
102 54 1888
37 47 1889
129 148 1890
44 53 1891
72 21 1892
56 35 1893
17 108 1894
109 4 1895
65 142 1896
47 21 1897
89 41 1898
140 125 1899
30 122 1900
45 33 1901
58 26 1902
94 39 1903
112 129 1904
61 129 1905
10 126 1906
69 19 1907
106 49 1908
17 100 1909
101 78 1910
150 8 1911
3 4 1912
147 90 1913
47 132 1914
113 31 1915
87 149 1916
123 140 1917
79 147 1918
18 97 1919
84 147 1920
37 56 1921
93 24 1922
99 106 1923
71 56 1924
48 141 1925
103 83 1926
112 138 1927
34 35 1928
76 56 1929
139 78 1930
58 47 1931
65 119 1932
149 46 1933
146 53 1934
70 88 1935
145 95 1936
129 137 1937
115 138 1938
107 93 1939
40 144 1940
123 5 1941
1 131 1942
23 21 1943
50 25 1944
104 124 1945
89 150 1946
147 106 1947
133 133 1948
35 62 1949
44 61 1950
142 12 1951
16 98 1952
118 143 1953
105 33 1954
101 37 1955
140 19 1956
64 14 1957
15 110 1958
79 61 1959
62 118 1960
38 110 1961
28 39 1962
138 18 1963
146 116 1964
45 124 1965
42 71 1966
148 13 1967
87 116 1968
134 88 1969
116 46 1970
104 119 1971
106 68 1972
142 118 1973
82 149 1974
4 111 1975
60 89 1976
133 130 1977
11 58 1978
35 91 1979
71 142 1980
59 115 1981
38 3 1982
126 113 1983
24 149 1984
91 65 1985
57 97 1986
104 19 1987
82 39 1988
77 32 1989
57 95 1990
58 76 1991
20 42 1992
25 90 1993
20 21 1994
110 61 1995
93 25 1996
106 44 1997
97 83 1998
122 62 1999
18 61 2000
47 79 2001
147 112 2002
54 129 2003
35 126 2004
54 147 2005
58 118 2006
83 100 2007
95 9 2008
34 40 2009
61 130 2010
49 88 2011
59 28 2012
60 99 2013
133 120 2014
74 54 2015
133 123 2016
48 64 2017
26 51 2018
140 150 2019
140 48 2020
78 129 2021
35 118 2022
49 82 2023
128 78 2024
11 112 2025
76 88 2026
106 66 2027
7 20 2028
82 65 2029
12 13 2030
106 146 2031
124 77 2032
135 129 2033
91 97 2034
147 111 2035
26 41 2036
95 145 2037
57 86 2038
148 116 2039
3 11 2040
37 131 2041
99 139 2042
46 12 2043
112 60 2044
31 134 2045
125 76 2046
71 141 2047
18 97 2048
115 63 2049
149 115 2050
109 73 2051
34 94 2052
25 84 2053
22 18 2054
101 95 2055
41 17 2056
30 84 2057
9 25 2058
21 57 2059
74 149 2060
47 31 2061
55 97 2062
59 48 2063
36 32 2064
14 34 2065
95 111 2066
11 84 2067
109 103 2068
14 118 2069
95 108 2070
26 118 2071
142 127 2072
39 34 2073
88 111 2074
79 60 2075
18 20 2076
136 21 2077
74 34 2078
138 43 2079
71 111 2080
71 71 2081
52 43 2082
31 130 2083
22 110 2084
128 62 2085
55 24 2086
145 84 2087
113 60 2088
126 123 2089
93 112 2090
68 89 2091
96 70 2092
121 134 2093
11 111 2094
26 61 2095
6 142 2096
6 46 2097
27 53 2098
69 35 2099
117 50 2100
127 107 2101
1 67 2102
122 97 2103
130 52 2104
37 108 2105
104 52 2106
18 146 2107
93 82 2108
69 110 2109
4 107 2110
59 132 2111
50 25 2112
41 146 2113
91 71 2114
121 101 2115
111 6 2116
59 59 2117
42 110 2118
11 131 2119
14 79 2120
102 67 2121
129 67 2122
127 88 2123
42 127 2124
88 68 2125
146 55 2126
19 116 2127
34 58 2128
28 30 2129
36 114 2130
83 64 2131
147 22 2132
117 117 2133
89 45 2134
44 79 2135
94 48 2136
131 65 2137
111 3 2138
121 4 2139
113 111 2140
145 122 2141
141 75 2142
88 65 2143
48 30 2144
103 94 2145
43 17 2146
98 97 2147
40 3 2148
111 24 2149
35 70 2150
135 138 2151
17 127 2152
82 21 2153
21 104 2154
44 43 2155
149 130 2156
56 94 2157
14 21 2158
30 60 2159
87 144 2160
32 19 2161
2 56 2162
109 91 2163
31 126 2164
67 52 2165
108 63 2166
131 57 2167
46 30 2168
33 19 2169
37 105 2170
40 81 2171
36 62 2172
139 38 2173
114 52 2174
78 77 2175
122 67 2176
16 123 2177
113 37 2178
94 61 2179
115 92 2180
91 101 2181
93 111 2182
130 38 2183
77 142 2184
6 54 2185
7 5 2186
68 43 2187
17 56 2188
110 137 2189
114 64 2190
140 136 2191
14 120 2192
19 13 2193
143 57 2194
60 53 2195
99 119 2196
109 68 2197
2 120 2198
58 138 2199
33 123 2200
8 64 2201
142 30 2202
116 110 2203
76 100 2204
65 14 2205
79 119 2206
131 56 2207
132 95 2208
74 26 2209
9 32 2210
129 22 2211
76 42 2212
59 8 2213
103 80 2214
76 32 2215
44 96 2216
95 52 2217
6 136 2218
44 62 2219
34 150 2220
70 89 2221
149 70 2222
26 12 2223
67 52 2224
76 143 2225
109 112 2226
141 19 2227
33 121 2228
95 56 2229
53 18 2230
81 82 2231
133 91 2232
121 29 2233
56 70 2234
136 88 2235
124 97 2236
53 114 2237
49 21 2238
33 142 2239
136 53 2240
37 92 2241
5 88 2242
118 140 2243
148 66 2244
138 40 2245
137 47 2246
10 52 2247
78 92 2248
56 85 2249
105 62 2250
84 122 2251
33 20 2252
9 13 2253
86 13 2254
14 97 2255
111 120 2256
135 93 2257
114 84 2258
114 7 2259
150 40 2260
90 21 2261
125 139 2262
40 147 2263
94 114 2264
36 75 2265
40 116 2266
4 46 2267
92 69 2268
146 59 2269
83 56 2270
106 88 2271
9 54 2272
64 114 2273
110 93 2274
147 91 2275
84 95 2276
18 146 2277
83 10 2278
11 68 2279
112 33 2280
27 26 2281
72 133 2282
102 33 2283
87 144 2284
127 100 2285
9 80 2286
82 139 2287
14 78 2288
134 63 2289
124 49 2290
36 87 2291
63 133 2292
109 17 2293
114 53 2294
109 25 2295
146 39 2296
65 98 2297
22 91 2298
27 135 2299
9 52 2300
9 116 2301
71 120 2302
132 33 2303
25 103 2304
118 148 2305
146 66 2306
65 21 2307
26 28 2308
27 89 2309
14 26 2310
143 95 2311
87 75 2312
99 94 2313
63 148 2314
129 132 2315
111 117 2316
49 44 2317
36 12 2318
93 16 2319
10 107 2320
74 134 2321
122 35 2322
117 128 2323
20 89 2324
38 50 2325
118 143 2326
47 43 2327
115 59 2328
9 111 2329
47 103 2330
108 2 2331
32 117 2332
52 19 2333
59 62 2334
135 15 2335
129 108 2336
139 2 2337
56 44 2338
25 57 2339
14 95 2340
88 49 2341
103 38 2342
90 34 2343
71 55 2344
27 25 2345
147 88 2346
78 78 2347
40 116 2348
42 37 2349
19 145 2350
24 77 2351
64 41 2352
55 41 2353
140 105 2354
33 34 2355
86 96 2356
57 10 2357
34 128 2358
41 42 2359
1 20 2360
97 90 2361
28 90 2362
103 111 2363
25 13 2364
38 104 2365
88 8 2366
130 120 2367
76 129 2368
23 19 2369
111 45 2370
25 44 2371
137 128 2372
92 8 2373
54 88 2374
66 35 2375
88 59 2376
133 39 2377
111 119 2378
61 44 2379
147 131 2380
111 73 2381
9 17 2382
119 117 2383
95 63 2384
147 14 2385
94 136 2386
9 72 2387
43 62 2388
135 54 2389
108 8 2390
67 130 2391
13 102 2392
143 49 2393
9 147 2394
148 29 2395
146 110 2396
129 24 2397
53 108 2398
57 5 2399
27 7 2400
12 87 2401
88 108 2402
83 26 2403
52 140 2404
98 78 2405
55 52 2406
139 150 2407
125 143 2408
23 91 2409
91 73 2410
142 84 2411
65 94 2412
77 113 2413
75 87 2414
57 48 2415
136 73 2416
2 89 2417
17 122 2418
88 63 2419
121 108 2420
137 85 2421
89 118 2422
14 68 2423
149 84 2424
63 116 2425
68 61 2426
17 136 2427
124 145 2428
21 60 2429
144 26 2430
83 40 2431
123 33 2432
134 33 2433
112 18 2434
34 14 2435
65 15 2436
78 92 2437
97 123 2438
137 12 2439
1 27 2440
87 18 2441
107 49 2442
134 58 2443
80 146 2444
93 14 2445
49 56 2446
80 35 2447
119 105 2448
54 129 2449
42 9 2450
113 41 2451
104 59 2452
45 110 2453
139 75 2454
6 45 2455
88 62 2456
136 69 2457
99 8 2458
65 82 2459
101 51 2460
41 150 2461
39 140 2462
79 47 2463
73 115 2464
47 97 2465
54 126 2466
113 50 2467
148 82 2468
10 79 2469
67 12 2470
62 122 2471
56 131 2472
14 6 2473
146 13 2474
100 21 2475
45 14 2476
47 22 2477
1 14 2478
18 138 2479
146 75 2480
107 19 2481
133 92 2482
58 142 2483
136 21 2484
11 17 2485
22 63 2486
83 107 2487
127 49 2488
127 38 2489
17 76 2490
11 98 2491
39 96 2492
88 44 2493
64 48 2494
129 30 2495
86 14 2496
80 53 2497
107 57 2498
18 64 2499
144 6 2500
84 21 2501
105 75 2502
111 44 2503
110 95 2504
111 57 2505
145 147 2506
70 63 2507
94 42 2508
26 78 2509
132 100 2510
32 73 2511
149 81 2512
10 139 2513
57 30 2514
149 5 2515
3 81 2516
100 46 2517
120 68 2518
3 76 2519
26 72 2520
68 34 2521
97 142 2522
113 65 2523
150 118 2524
120 145 2525
62 47 2526
37 11 2527
34 18 2528
25 61 2529
59 24 2530
135 100 2531
106 101 2532
75 30 2533
99 24 2534
149 116 2535
150 136 2536
148 112 2537
22 51 2538
108 9 2539
13 108 2540
149 127 2541
75 102 2542
33 52 2543
13 27 2544
15 75 2545
62 21 2546
128 79 2547
150 97 2548
94 86 2549
111 138 2550
6 95 2551
1 128 2552
121 117 2553
104 129 2554
24 131 2555
92 17 2556
119 52 2557
44 115 2558
24 10 2559
113 53 2560
8 41 2561
22 19 2562
80 84 2563
26 115 2564
90 89 2565
54 134 2566
126 53 2567
49 28 2568
134 103 2569
84 121 2570
27 29 2571
73 121 2572
106 95 2573
16 92 2574
113 19 2575
37 26 2576
27 58 2577
66 107 2578
140 84 2579
61 143 2580
127 75 2581
11 110 2582
98 24 2583
112 98 2584
19 135 2585
12 9 2586
83 96 2587
11 96 2588
30 3 2589
17 19 2590
56 50 2591
46 12 2592
26 5 2593
17 93 2594
22 144 2595
26 130 2596
121 145 2597
143 48 2598
72 56 2599
93 139 2600
56 123 2601
97 109 2602
122 18 2603
141 108 2604
31 106 2605
108 92 2606
20 106 2607
105 130 2608
11 55 2609
101 119 2610
76 74 2611
115 106 2612
51 54 2613
99 17 2614
70 21 2615
140 141 2616
59 67 2617
119 7 2618
10 41 2619
16 90 2620
148 62 2621
141 104 2622
123 68 2623
41 120 2624
68 10 2625
19 114 2626
12 43 2627
113 127 2628
127 126 2629
138 108 2630
88 57 2631
20 26 2632
4 103 2633
1 112 2634
109 145 2635
119 31 2636
64 140 2637
31 6 2638
147 26 2639
67 72 2640
35 65 2641
81 97 2642
94 84 2643
94 45 2644
78 110 2645
89 145 2646
62 112 2647
130 56 2648
137 6 2649
86 147 2650
145 65 2651
19 69 2652
117 85 2653
110 82 2654
43 18 2655
41 133 2656
130 94 2657
102 39 2658
83 139 2659
25 119 2660
98 117 2661
9 40 2662
121 26 2663
35 42 2664
34 66 2665
13 112 2666
148 17 2667
11 82 2668
40 22 2669
89 90 2670
23 59 2671
108 67 2672
37 135 2673
122 91 2674
86 99 2675
146 147 2676
144 133 2677
112 93 2678
30 55 2679
12 1 2680
19 148 2681
141 137 2682
58 98 2683
63 16 2684
1 138 2685
17 135 2686
34 56 2687
89 127 2688
106 2 2689
106 116 2690
67 129 2691
139 141 2692
76 44 2693
115 37 2694
53 46 2695
93 139 2696
18 15 2697
72 126 2698
38 11 2699
102 88 2700
98 45 2701
17 99 2702
123 15 2703
77 51 2704
18 36 2705
125 143 2706
47 139 2707
54 19 2708
148 61 2709
112 146 2710
101 42 2711
133 144 2712
120 56 2713
97 84 2714
90 23 2715
59 67 2716
113 5 2717
4 44 2718
134 69 2719
141 145 2720
21 57 2721
24 3 2722
52 137 2723
124 69 2724
134 75 2725
125 42 2726
50 100 2727
112 58 2728
13 121 2729
80 53 2730
74 114 2731
27 144 2732
59 19 2733
50 55 2734
110 11 2735
90 104 2736
79 113 2737
122 81 2738
18 40 2739
115 84 2740
107 85 2741
125 38 2742
12 50 2743
54 126 2744
69 74 2745
30 145 2746
110 122 2747
35 42 2748
80 122 2749
98 86 2750
44 61 2751
23 126 2752
136 99 2753
144 17 2754
35 93 2755
56 89 2756
67 55 2757
29 97 2758
77 120 2759
34 117 2760
40 5 2761
141 141 2762
54 116 2763
138 76 2764
89 89 2765
87 96 2766
95 6 2767
148 94 2768
138 68 2769
44 17 2770
7 55 2771
44 15 2772
1 141 2773
111 137 2774
121 119 2775
39 113 2776
48 80 2777
136 58 2778
90 75 2779
149 93 2780
64 124 2781
58 95 2782
86 139 2783
128 30 2784
93 70 2785
93 61 2786
20 109 2787
55 146 2788
30 15 2789
83 78 2790
67 144 2791
92 4 2792
141 83 2793
8 72 2794
56 142 2795
72 144 2796
64 77 2797
130 95 2798
39 116 2799
51 6 2800
147 16 2801
125 80 2802
125 19 2803
55 2 2804
134 122 2805
116 27 2806
3 92 2807
32 116 2808
137 106 2809
111 35 2810
119 83 2811
48 36 2812
129 78 2813
60 131 2814
127 6 2815
131 83 2816
5 28 2817
144 124 2818
6 43 2819
48 138 2820
131 3 2821
74 110 2822
66 119 2823
145 25 2824
53 31 2825
2 94 2826
29 131 2827
29 93 2828
1 47 2829
65 39 2830
120 70 2831
33 89 2832
24 107 2833
147 13 2834
146 34 2835
14 116 2836
119 113 2837
74 9 2838
29 61 2839
147 96 2840
1 26 2841
65 47 2842
18 43 2843
106 93 2844
2 54 2845
14 43 2846
38 150 2847
56 124 2848
112 80 2849
87 122 2850
78 91 2851
72 80 2852
62 65 2853
93 122 2854
8 82 2855
43 82 2856
48 48 2857
25 26 2858
118 139 2859
97 99 2860
6 109 2861
58 100 2862
83 146 2863
46 41 2864
22 89 2865
141 94 2866
114 4 2867
67 81 2868
40 5 2869
46 102 2870
140 20 2871
97 35 2872
4 38 2873
78 101 2874
25 101 2875
121 81 2876
114 52 2877
97 25 2878
121 125 2879
111 146 2880
10 51 2881
46 59 2882
2 30 2883
52 87 2884
81 101 2885
144 20 2886
8 129 2887
28 129 2888
150 41 2889
113 47 2890
135 24 2891
27 73 2892
98 119 2893
78 34 2894
104 142 2895
102 31 2896
126 113 2897
10 135 2898
37 114 2899
149 37 2900
98 119 2901
114 88 2902
29 9 2903
145 59 2904
45 3 2905
111 72 2906
44 127 2907
101 84 2908
41 7 2909
67 145 2910
112 120 2911
7 41 2912
8 116 2913
98 123 2914
28 136 2915
43 23 2916
31 139 2917
115 116 2918
148 148 2919
102 55 2920
115 44 2921
5 140 2922
62 143 2923
56 108 2924
81 107 2925
126 96 2926
11 105 2927
5 42 2928
139 62 2929
17 115 2930
23 35 2931
105 23 2932
90 30 2933
41 70 2934
99 86 2935
3 83 2936
119 117 2937
24 33 2938
149 132 2939
140 125 2940
65 54 2941
35 81 2942
81 123 2943
100 49 2944
83 31 2945
80 101 2946
127 23 2947
118 86 2948
101 27 2949
79 85 2950
27 4 2951
135 30 2952
99 47 2953
36 5 2954
80 134 2955
16 32 2956
43 80 2957
20 41 2958
35 146 2959
122 38 2960
59 100 2961
10 77 2962
150 33 2963
101 96 2964
52 59 2965
57 115 2966
110 129 2967
18 68 2968
110 24 2969
148 109 2970
27 67 2971
84 68 2972
146 45 2973
126 61 2974
147 121 2975
35 131 2976
79 122 2977
68 126 2978
30 50 2979
18 141 2980
133 80 2981
59 102 2982
26 48 2983
49 40 2984
24 17 2985
26 22 2986
116 56 2987
131 21 2988
104 134 2989
144 41 2990
17 12 2991
133 139 2992
140 111 2993
75 67 2994
9 12 2995
52 144 2996
14 26 2997
76 107 2998
17 129 2999
51 10 3000
110 139 1528
124 101 65
67 51 30
17 76 147
104 38 1188
115 84 89
59 127 86
82 92 43
79 42 129
17 136 50
17 17 34
92 9 119
74 129 1717
123 7 58
30 46 13
148 89 28
22 83 2076
22 76 3
1 48 129
139 76 1018
143 54 38
83 81 36
35 36 32
7 21 146
99 47 20
126 20 96
22 57 105
48 83 101
26 92 92
10 10 25
129 102 78
7 16 18
44 28 113
39 109 12
21 30 121
78 57 60
144 12 39
77 98 2542
142 104 81
7 133 2048
36 136 2038
62 101 135
45 1 20
150 78 112
78 66 134
97 6 2169
7 140 27
56 38 57
57 150 91
86 40 431
52 146 105
7 144 93
115 130 17
56 147 137
103 110 292
58 47 48
14 139 19
142 105 80
21 89 131
50 143 75
98 114 76
80 19 81
93 97 26
8 83 1221
137 73 70
55 150 80
22 59 72
53 44 122
112 98 83
106 60 75
72 110 106
126 135 112
134 7 55
36 93 43
66 89 129
131 76 2
99 113 122
126 40 69
101 55 126
58 31 117
98 70 84
8 59 813
89 81 1538
6 99 115
76 48 2279
37 68 56
5 48 46
38 17 2404
150 73 34
130 76 20
116 25 65
125 13 89
15 125 88
148 105 129
12 35 124
55 110 2
100 132 63
138 103 5
114 26 2396
76 85 75
116 136 49
4 1 130
125 49 70
59 81 141
82 82 112
109 46 410
138 34 93
102 53 131
146 110 111
12 124 2234
70 50 2156
125 51 1533
21 149 105
123 135 1908
21 43 124
54 59 37
22 31 4
48 78 31
19 42 88
15 147 4
67 71 47
58 97 90
135 56 1451
110 30 37
141 131 59
15 52 43
93 120 20
132 81 16
91 45 74
76 122 2194
123 27 1520
148 96 139
150 51 5
23 142 110
127 83 72
91 87 9
124 137 2192
97 140 126
6 79 93
65 127 119
81 133 1734
89 44 150
27 13 149
107 81 91
53 79 1
70 66 3
43 58 13
69 6 1917
127 2 76
121 43 18
105 116 83
57 104 20
7 44 3
12 36 146
52 58 122
85 108 1038
133 42 138
82 41 130
150 63 143
76 45 50
53 106 117
134 4 371
25 32 14
24 111 1555
7 135 111
47 61 37
40 116 78
3 136 86
118 27 89
88 145 31
94 116 27
87 143 22
145 104 137
10 114 2607
110 121 68
4 87 48
54 2 84
113 19 122
47 98 51
37 72 58
100 105 39
142 129 37
105 94 63
150 19 124
130 149 1468
110 125 1876
63 139 92
105 66 65
67 14 103
85 72 125
90 138 8
119 52 12
65 5 120
116 65 25
82 68 104
84 46 127
148 12 67
110 143 69
72 24 65
1 60 1614
144 44 100
130 91 1729
147 33 90
71 139 46
115 17 35
25 134 28
50 114 1961
19 53 28
116 74 38
55 76 352
92 106 52
40 7 2385
21 45 41
61 119 15
129 68 1874
144 94 138
64 76 91
2 82 36
61 39 58
20 116 108
22 39 103
125 94 106
107 2 95
16 84 39
67 132 1
123 88 142
120 26 24
16 100 2264
63 57 88
82 105 10
117 133 50
1 59 13
60 112 43
93 144 128
141 76 82
19 28 29
85 26 8
19 105 1
55 101 9
72 27 101
16 137 107
81 36 483
73 56 48
50 79 102
131 32 148
64 113 71
72 12 148
93 78 51
51 50 82
24 71 50
21 16 50
34 77 89
22 41 69
4 123 108
26 63 138
133 41 22
138 95 138
39 23 47
46 12 36
36 104 18
50 42 117
147 43 32
1 115 13
73 101 139
42 72 79
79 6 132
52 66 1467
148 78 13
132 111 54
94 56 1267
102 38 94
12 74 92
148 115 57
59 133 6
32 123 85
67 134 98
58 139 72
87 44 61
75 100 100
79 34 138
101 146 908
45 42 70
71 96 33
79 81 80
145 12 147
55 93 70
111 60 113
21 55 33
138 38 13
34 103 146
124 135 38
131 28 113
49 28 72
39 110 143
68 78 67
65 32 1515
16 68 124
40 7 113
142 28 22
143 53 1
47 140 103
52 73 2662
1 116 26
125 13 1337
71 68 118
107 16 2773
97 47 127
91 58 97
44 142 112
29 10 76
16 142 124
88 82 85
142 54 31
16 145 106
36 102 1922
141 111 53
102 26 36
82 20 84
51 89 135
34 94 45
92 48 2390
74 126 10
111 54 128
70 84 55
4 103 1899
78 105 147
144 48 93
33 121 81
62 105 1839
92 149 79
19 4 49
74 70 33
142 10 3
78 88 2994
111 129 123
28 42 61
13 84 56
93 135 93
10 4 138
25 65 88
99 32 114
61 95 1571
105 26 35
106 121 100
48 67 67
55 112 28
27 58 61
139 133 66
51 7 117
36 70 103
26 121 5
105 72 128
144 102 15
28 93 2429
119 93 136
1 92 131
141 27 130
66 110 65
123 133 57
43 116 24
53 25 424
106 12 134
27 19 1443
90 113 98
126 42 1183
122 51 1535
108 50 131
91 145 84
66 73 115
120 71 20
48 34 2850
21 123 57
1 114 9
65 15 66
84 12 833
133 64 2937
47 42 47
112 93 10
104 73 101
57 130 106
85 28 2036
100 41 66
25 32 67
136 39 1673
87 140 70
14 36 6
56 8 92
62 32 17
103 92 94
119 74 57
131 73 72
97 68 118
134 52 76
114 48 150
74 112 36
26 81 34
8 62 43
137 45 107
23 135 14
149 2 98
89 109 61
73 58 2427
38 95 59
64 146 1547
74 82 95
63 86 71
81 124 96
5 31 36
149 119 49
59 38 4
9 105 670
114 85 78
64 1 107
78 17 815
12 11 137
128 45 102
82 70 87
119 106 101
34 41 112
87 106 150
119 87 138
39 14 758
144 58 2283
111 41 119
31 109 1924
69 55 135
41 25 141
20 106 33
18 10 112
7 17 83
144 111 36
52 114 24
94 116 42
134 30 120
104 145 47
4 102 129
96 77 2
19 23 2738
138 36 106
22 3 1
64 73 72
79 111 88
20 44 1
10 46 40
66 81 12
71 82 120
112 86 27
68 139 120
137 36 144
9 100 35
43 1 308
77 144 136
47 138 112
146 12 76
56 32 42
141 85 97
120 108 1768
73 117 125
134 150 88
70 87 97
29 94 2056
135 53 2669
66 18 11
86 82 66
90 19 138
106 18 36
59 141 10
45 55 57
145 22 2278
105 62 140
83 140 1728
88 111 40
34 47 114
55 97 146
98 148 74
31 64 46
101 110 46
31 34 37
68 78 303
104 5 500
113 124 2123
86 36 130
112 79 46
101 130 113
63 34 94
106 86 133
143 117 76
117 100 94
45 54 137
10 32 128
30 11 44
96 76 118
118 90 37
21 17 102
133 115 53
18 104 131
87 26 129
10 22 1
112 43 130
119 41 38
95 143 103
53 82 86
40 110 1324
135 25 2225
137 113 24
91 13 120
82 75 118
13 121 4
112 12 2444
73 40 55
90 13 27
141 142 32
21 96 88
2 79 39
1 81 2357
143 98 654
11 135 1366
89 100 133
149 39 16
95 137 30
32 89 29
132 34 2716
73 15 2837
83 136 16
79 138 53
68 9 40
21 58 44
68 14 43
27 76 81
110 59 52
73 40 2253
130 124 47
106 131 143
117 85 810
55 52 59
67 26 27
83 46 44
137 105 30
86 1 84
38 36 50
39 11 98
69 32 113
139 148 1032
111 14 1321
19 107 121
8 13 140
53 117 318
123 46 99
53 65 93
129 71 684
50 56 128
73 94 29
93 69 241
91 139 111
89 105 31
98 85 133
57 96 83
92 30 37
7 38 111
85 92 22
55 79 6
59 77 127
2 90 29
78 137 2
24 59 10
97 87 1722
20 144 2247
102 95 103
115 139 77
79 77 36
85 49 16
79 103 92
97 17 43
52 109 2335
123 143 65
69 107 72
50 66 50
140 3 18
94 75 31
39 90 71
61 49 104
28 98 8
122 58 75
39 36 147
18 54 105
71 63 135
40 37 125
61 123 21
75 104 345
113 109 33
133 81 2306
41 89 43
47 27 202
28 11 99
91 69 186
99 114 110
23 3 1352
111 36 142
145 42 52
90 52 25
91 14 67
86 107 22
122 93 29
148 59 35
92 118 42
41 55 142
85 37 88
13 103 25
42 49 25
131 149 63
100 50 40
96 64 1840
114 9 131
120 31 8
27 3 38
59 13 1504
119 117 150
24 121 28
66 136 1149
39 81 2790
145 87 100
84 100 118
144 146 74
17 124 92
12 8 67
131 107 1776
17 99 138
43 52 46
113 104 50
27 15 1043
22 20 38
17 109 83
90 46 163
41 131 148
107 24 6
68 37 2266
102 74 91
4 36 1505
71 6 17
80 66 35
88 128 42
69 2 146
33 15 11
63 16 130
73 88 1302
57 37 94
123 149 147
135 143 1742
105 34 142
52 113 44
129 127 2234
17 93 42
44 38 14
37 17 96
98 53 47
83 109 144
96 150 131
21 68 95
57 124 135
113 69 28
71 135 68
99 42 998
147 102 2920
101 18 113
54 145 61
130 81 2766
150 18 141
71 17 11
138 109 121
110 150 66
56 90 32
38 114 8
114 79 1914
2 41 59
101 76 124
88 148 29
96 128 3
9 147 69
86 4 51
19 40 781
53 28 92
39 108 41
56 134 44
147 58 1
14 97 99
7 42 58
40 47 21
142 28 269
105 91 92
19 74 12
21 34 73
93 147 99
141 22 69
59 132 2945
44 16 28
28 46 9
143 100 60
3 139 18
79 115 99
61 50 74
140 147 49
93 99 46
16 96 98
106 147 67
63 42 8
100 52 123
130 42 127
91 141 10
45 135 1277
92 129 23
28 126 27
13 55 95
57 9 2618
87 68 41
121 32 93
114 26 23
132 54 121
14 26 1674
12 19 28
126 65 141
34 41 30
89 127 132
36 18 148
36 104 30
32 56 1619
10 1 389
141 32 109
30 106 139
67 119 22
64 73 24
101 123 62
38 36 45
105 30 35
136 63 116
144 66 44
50 79 1334
96 93 20
14 118 128
81 90 50
124 44 63
78 102 21
108 96 128
7 23 27
34 4 122
125 65 81
149 145 148
137 78 94
135 46 15
124 35 10
92 134 17
141 75 1764
89 135 117
127 6 93
102 26 95
11 104 393
10 86 993
122 11 80
137 115 89
30 28 59
11 100 111
136 127 13
113 147 26
95 68 77
139 108 2010
57 132 78
111 44 68
118 93 36
89 96 114
139 5 14
80 37 109
82 108 91
120 141 25
139 19 53
91 119 24
135 35 2864
67 102 86
51 105 128
25 55 70
94 14 13
130 102 45
135 130 145
126 84 127
103 106 11
98 71 33
93 46 129
25 85 142
56 31 88
15 129 127
53 28 18
8 40 115
57 42 46
39 77 129
60 49 114
118 129 126
53 72 24
62 96 95
74 77 95
119 58 72
63 149 2904
60 43 130
135 137 136
31 124 144
108 138 62
134 112 20
4 43 1534
128 144 115
20 38 33
32 99 57
129 55 59
132 46 61
104 14 113
16 25 6
106 97 76
52 40 144
93 138 2615
87 57 96
92 17 150
94 89 75
148 57 2812
119 65 107
67 115 95
41 10 41
128 34 130
32 86 2950
81 107 21
16 51 34
85 12 100
94 119 55
98 89 328
57 136 1352
91 109 1478
111 40 104
27 129 86
105 15 36
135 54 147
14 145 404
66 16 29
119 120 41
6 4 2900
145 127 9
85 138 771
40 52 143
61 52 58
78 15 36
49 11 100
69 102 104
3 130 8
27 91 62
52 61 2622
58 136 67
114 58 115
76 26 101
10 31 77
104 40 119
139 28 30
58 43 81
45 62 115
72 145 2
101 76 38
3 10 77
58 78 94
83 46 29
109 15 6
147 136 77
109 39 92
50 107 1457
125 115 9
130 2 114
104 12 52
1 50 42
69 27 28
26 4 1948
145 46 94
83 89 24
23 71 112
18 122 41
123 15 597
47 121 15
42 120 1454
68 139 437
146 20 125
6 11 127
78 6 143
36 62 16
56 81 44
83 80 58
132 148 104
35 65 58
126 71 94
8 129 122
62 141 32
7 117 137
126 49 74
94 51 92
13 42 18
100 95 118
24 93 4
104 34 147
68 62 2761
84 117 108
58 92 99
40 112 71
103 147 148
41 12 11
21 3 57
131 23 108
34 42 88
121 95 9
119 113 147
21 44 50
104 67 2799
59 35 1360
4 132 7
120 28 57
4 145 1960
67 73 2977
51 27 76
78 145 31
17 36 1053
31 51 89
102 56 939
88 17 1846
25 97 33
92 123 3
67 64 32
110 71 65
146 12 279
25 103 53
15 63 50
82 111 95
144 1 951
109 6 141
90 42 170
38 9 70
83 22 76
28 52 106
104 83 1560
150 20 117
71 143 20
4 68 2396
117 81 98
9 39 147
84 79 992
56 45 2803
85 75 98
135 54 98
98 147 130
5 41 38
19 106 90
43 87 808
122 116 141
32 67 78
65 78 2046
34 127 84
104 120 19
108 78 101
137 60 132
82 54 37
116 18 4
70 6 19
76 93 1198
88 56 139
42 109 9
42 103 119
126 73 262
97 58 60
55 142 7
135 36 38
21 127 100
10 96 59
94 31 35
37 22 126
126 127 66
128 38 111
38 115 63
126 16 105
99 6 96
4 37 122
105 119 85
149 16 120
120 145 2496
92 86 13
71 112 114
106 80 1
93 144 346
29 23 939
56 32 2273
42 115 867
32 29 2
46 98 111
116 34 137
4 72 3
82 105 8
73 34 136
94 59 2301
17 88 30
42 109 1586
101 55 131
76 83 572
118 1 13
